0.2706 0.0004 24.00 0.00 15.658 0.170
0.6376 0.0008 28.13 0.35 17.338 0.294
0.7271 0.0006 28.07 0.26 17.748 0.225
0.7874 0.0008 30.07 0.26 18.576 0.211
0.8281 0.0006 31.40 0.51 19.198 0.331
0.8670 0.0007 32.00 0.00 19.851 0.259
0.9360 0.0012 34.00 0.00 21.881 0.318
0.9983 0.0024 35.93 0.26 23.528 0.361
1.0812 0.0012 39.27 0.46 27.324 0.429
1.1447 0.0033 41.33 1.29 31.539 0.383
1.2158 0.0012 44.33 0.49 37.320 0.590
1.2678 0.0199 47.33 1.29 42.901 0.754
1.3380 0.0029 50.33 0.82 50.641 0.484
1.4020 0.0207 52.87 1.06 59.923 0.812
1.4616 0.0050 54.40 1.35 69.598 0.733
1.5072 0.0046 54.40 2.47 75.745 0.941
1.5503 0.0052 54.00 1.41 83.123 0.904
1.6013 0.0062 52.60 1.55 91.120 0.704
1.6291 0.0057 50.67 3.06 95.166 0.567
1.6882 0.0059 49.93 2.28 99.481 19.504
1.7044 0.0334 47.60 3.56 107.985 2.228
1.7433 0.0271 46.67 2.26 133.254 1.640
1.8010 0.0272 43.80 2.11 121.679 2.086
1.9223 0.0110 39.47 1.06 136.467 1.149
2.0253 0.0090 32.60 1.12 147.912 0.858
2.1327 0.0042 27.80 0.56 155.959 0.767
2.2977 0.0050 22.00 0.00 165.267 0.997
2.4629 0.0086 17.73 0.59 170.239 1.058

