2.1660 0.0125 05.33 0.49 140.566 84.526
1.9492 0.0089 11.20 0.41 049.638 50.609
1.8384 0.0032 21.80 0.94 176.129 0.880
1.8002 0.0027 30.40 0.63 172.731 1.262
1.7880 0.0031 35.53 0.74 170.485 0.752
1.7787 0.0073 43.00 1.13 166.567 1.326
1.7703 0.0073 47.87 1.19 163.950 1.359
1.7650 0.0033 54.20 1.57 160.547 0.769
1.7391 0.0284 61.00 2.45 152.135 2.782
1.7421 0.0117 67.27 2.22 147.094 1.617
1.7376 0.0048 72.40 3.64 139.621 0.685
1.7312 0.0067 73.53 5.37 131.879 1.123
1.7234 0.0161 75.13 6.16 126.647 1.260
1.7189 0.0041 76.53 4.72 118.563 1.102
1.7122 0.0175 75.27 5.26 113.625 1.803
1.7035 0.0209 77.07 4.18 105.116 1.666
1.7089 0.0035 78.40 5.08 100.853 0.808
1.6964 0.0068 74.67 6.74 086.392 0.770
1.6878 0.0075 72.67 4.76 075.221 0.955
1.6829 0.0049 72.40 5.73 067.246 0.928
1.6766 0.0054 69.80 2.46 057.462 0.794
1.6579 0.0250 61.13 2.39 046.509 1.461
1.6468 0.0068 49.67 2.35 040.269 2.150
1.6231 0.0044 43.40 1.45 034.631 0.711
1.5755 0.0022 30.73 0.46 027.717 0.647
1.4984 0.0026 20.53 0.74 024.130 0.662
1.3375 0.0039 12.40 0.63 023.144 0.747
0.8623 0.0015 07.00 0.00 026.571 0.692

