0	3.16727716728	0.578754578755
0.005	2.02442002442	-0.593406593407
0.01	0.432234432234	-1.62393162393
0.015	-1.24297924298	-2.33211233211
0.02	-2.68864468864	-2.54212454212
0.025	-3.52869352869	-2.19536019536
0.03	-3.64102564103	-1.40903540904
0.035	-3.01587301587	-0.32967032967
0.04	-1.7264957265	0.827838827839
0.045	-0.0805860805861	1.81929181929
0.05	1.57509157509	2.3956043956
0.055	2.87423687424	2.46886446886
0.06	3.57753357753	2.01953601954
0.065	3.50915750916	1.13553113553
0.07	2.68376068376	0.017094017094
0.075	1.2967032967	-1.12087912088
0.08	-0.383394383394	-2.01465201465
0.085	-1.99023199023	-2.50305250305
0.09	-3.18192918193	-2.43956043956
0.095	-3.66544566545	-1.85347985348
0.1	-3.4358974359	-0.925518925519
0.105	-2.4590964591	0.236874236874
0.11	-0.954822954823	1.34065934066
0.115	0.730158730159	2.1514041514
0.12	2.26373626374	2.49816849817
0.125	3.29914529915	2.31746031746
0.13	3.64590964591	1.63858363858
0.135	3.20146520147	0.617826617827
0.14	2.08302808303	-0.544566544567
0.145	0.495726495726	-1.59462759463
0.15	-1.18925518926	-2.31257631258
0.155	-2.6398046398	-2.54212454212
0.16	-3.50915750916	-2.2148962149
0.165	-3.64590964591	-1.43833943834
0.17	-3.05006105006	-0.368742368742
0.175	-1.77533577534	0.783882783883
0.18	-0.144078144078	1.78998778999
0.185	1.52136752137	2.38583638584
0.19	2.84004884005	2.48351648352
0.195	3.56776556777	2.04884004884
0.2	3.52380952381	1.1746031746
0.205	2.7326007326	0.0561660561661
0.21	1.35531135531	-1.07692307692
0.215	-0.319902319902	-1.99023199023
0.22	-1.94139194139	-2.49328449328
0.225	-3.15262515263	-2.44932844933
0.23	-3.66056166056	-1.88278388278
0.235	-3.46031746032	-0.949938949939
0.24	-2.49816849817	0.192918192918
0.245	-1.01343101343	1.31135531136
0.25	0.686202686203	2.13186813187
0.255	2.22466422466	2.49816849817
0.26	3.27960927961	2.32722832723
0.265	3.64590964591	1.663003663
0.27	3.22588522589	0.661782661783
0.275	2.12698412698	-0.505494505495
0.28	0.559218559219	-1.56532356532
0.285	-1.13064713065	-2.29304029304
0.29	-2.59096459096	-2.54700854701
0.295	-3.49450549451	-2.23443223443
0.3	-3.65079365079	-1.47252747253
0.305	-3.08424908425	-0.417582417582
0.31	-1.82417582418	0.754578754579
0.315	-0.197802197802	1.75091575092
0.32	1.46764346764	2.37606837607
0.325	2.81074481074	2.47863247863
0.33	3.54822954823	2.06837606838
0.335	3.53846153846	1.20390720391
0.34	2.7619047619	0.0952380952381
0.345	1.40903540904	-1.04273504274
0.35	-0.266178266178	-1.9706959707
0.355	-1.88766788767	-2.47863247863
0.36	-3.11355311355	-2.47374847375
0.365	-3.66056166056	-1.90231990232
0.37	-3.47496947497	-0.993894993895
0.375	-2.55677655678	0.148962148962
0.38	-1.07692307692	1.27228327228
0.385	0.617826617827	2.10256410256
0.39	2.18070818071	2.49816849817
0.395	3.26007326007	2.34676434676
0.4	3.65079365079	1.71184371184
0.405	3.25518925519	0.700854700855
0.41	2.17582417582	-0.461538461538
0.415	0.612942612943	-1.52625152625
0.42	-1.06715506716	-2.2735042735
0.425	-2.55189255189	-2.54212454212
0.43	-3.47496947497	-2.25885225885
0.435	-3.66056166056	-1.50671550672
0.44	-3.12332112332	-0.456654456654
0.445	-1.88278388278	0.715506715507
0.45	-0.266178266178	1.72161172161
0.455	1.40903540904	2.36141636142
0.46	2.76678876679	2.4884004884
0.465	3.53846153846	2.09768009768
0.47	3.55311355311	1.24786324786
0.475	2.80586080586	0.144078144078
0.48	1.46764346764	-1.00366300366
0.485	-0.20757020757	-1.94139194139
0.49	-1.82905982906	-2.46886446886
0.495	-3.07936507937	-2.47863247863
0.5	-3.65079365079	-1.92673992674
0.505	-3.49450549451	-1.03785103785
0.51	-2.59096459096	0.114774114774
0.515	-1.12576312576	1.23321123321
0.52	0.554334554335	2.08791208791
0.525	2.12698412698	2.4884004884
0.53	3.22588522589	2.35653235653
0.535	3.65079365079	1.74114774115
0.54	3.27960927961	0.725274725275
0.545	2.21978021978	-0.42735042735
0.55	0.671550671551	-1.50671550672
0.555	-1.0231990232	-2.25396825397
0.56	-2.50305250305	-2.55189255189
0.565	-3.45543345543	-2.27838827839
0.57	-3.66544566545	-1.53113553114
0.575	-3.15750915751	-0.505494505495
0.58	-1.94139194139	0.676434676435
0.585	-0.319902319902	1.68742368742
0.59	1.35042735043	2.34676434676
0.595	2.7326007326	2.49328449328
0.6	3.52380952381	2.11233211233
0.605	3.56288156288	1.28693528694
0.61	2.84493284493	0.168498168498
0.615	1.51648351648	-0.959706959707
0.62	-0.139194139194	-1.92185592186
0.625	-1.7851037851	-2.46398046398
0.63	-3.04517704518	-2.4884004884
0.635	-3.64590964591	-1.96092796093
0.64	-3.51404151404	-1.07203907204
0.645	-2.63492063492	0.0659340659341
0.65	-1.18925518926	1.20390720391
0.655	0.500610500611	2.05860805861
0.66	2.06837606838	2.48351648352
0.665	3.20146520147	2.37606837607
0.67	3.64590964591	1.77533577534
0.675	3.30891330891	0.774114774115
0.68	2.2735042735	-0.37851037851
0.685	0.739926739927	-1.45299145299
0.69	-0.940170940171	-2.2442002442
0.695	-2.4590964591	-2.53724053724
0.7	-3.42612942613	-2.29792429792
0.705	-3.67032967033	-1.56532356532
0.71	-3.17704517705	-0.544566544567
0.715	-1.99023199023	0.627594627595
0.72	-0.383394383394	1.663003663
0.725	1.2967032967	2.32234432234
0.73	2.68376068376	2.50305250305
0.735	3.50915750916	2.13186813187
0.74	3.57753357753	1.32112332112
0.745	2.89377289377	0.227106227106
0.75	1.57997557998	-0.925518925519
0.755	-0.0757020757021	-1.8778998779
0.76	-1.72161172161	-2.4590964591
0.765	-3.01587301587	-2.49328449328
0.77	-3.63125763126	-1.99023199023
0.775	-3.53357753358	-1.10622710623
0.78	-2.67887667888	0.026862026862
0.785	-1.24297924298	1.15506715507
0.79	0.432234432234	2.03907203907
0.795	2.02442002442	2.46886446886
0.8	3.16239316239	2.38583638584
0.805	3.64590964591	1.79975579976
0.81	3.32356532357	0.808302808303
0.815	2.31257631258	-0.339438339438
0.82	0.798534798535	-1.43345543346
0.825	-0.901098901099	-2.21001221001
0.83	-2.41025641026	-2.55189255189
0.835	-3.41147741148	-2.31746031746
0.84	-3.67032967033	-1.59951159951
0.845	-3.21123321123	-0.583638583639
0.85	-2.04395604396	0.588522588523
0.855	-0.442002442002	1.62881562882
0.86	1.2380952381	2.31257631258
0.865	2.64957264957	2.50305250305
0.87	3.47985347985	2.15628815629
0.875	3.58241758242	1.35531135531
0.88	2.91819291819	0.25641025641
0.885	1.62393162393	-0.881562881563
0.89	-0.017094017094	-1.85836385836
0.895	-1.67765567766	-2.43956043956
0.9	-2.9768009768	-2.50305250305
0.905	-3.62637362637	-2.01953601954
0.91	-3.54822954823	-1.14041514042
0.915	-2.71794871795	-0.021978021978
0.92	-1.31135531136	1.12576312576
0.925	0.37851037851	2.01953601954
0.93	1.9706959707	2.46886446886
0.935	3.13797313797	2.40537240537
0.94	3.64102564103	1.81929181929
0.945	3.35775335775	0.857142857143
0.95	2.37118437118	-0.30525030525
0.955	0.857142857143	-1.3894993895
0.96	-0.822954822955	-2.19047619048
0.965	-2.36141636142	-2.53724053724
0.97	-3.38705738706	-2.33211233211
0.975	-3.67032967033	-1.62881562882
0.98	-3.24542124542	-0.622710622711
0.985	-2.08791208791	0.539682539683
0.99	-0.505494505495	1.59462759463
0.995	1.18437118437	2.29792429792
1	2.60561660562	2.49328449328
1.005	3.4652014652	2.18070818071
1.01	3.60195360195	1.39438339438
1.015	2.95238095238	0.310134310134
1.02	1.68742368742	-0.847374847375
1.025	0.041514041514	-1.82905982906
1.03	-1.61904761905	-2.42979242979
1.035	-2.94261294261	-2.5177045177
1.04	-3.61660561661	-2.03907203907
1.045	-3.56288156288	-1.18437118437
1.05	-2.76678876679	-0.0561660561661
1.055	-1.35531135531	1.08669108669
1.06	0.319902319902	1.98534798535
1.065	1.92185592186	2.46398046398
1.07	3.10866910867	2.40537240537
1.075	3.62637362637	1.85347985348
1.08	3.38217338217	0.891330891331
1.085	2.40537240537	-0.25641025641
1.09	0.915750915751	-1.3601953602
1.095	-0.778998778999	-2.17582417582
1.1	-2.32234432234	-2.53235653236
1.105	-3.35775335775	-2.35653235653
1.11	-3.6800976801	-1.65323565324
1.115	-3.26495726496	-0.661782661783
1.12	-2.14652014652	0.505494505495
1.125	-0.554334554335	1.56532356532
1.13	1.12576312576	2.27838827839
1.135	2.56166056166	2.50793650794
1.14	3.45054945055	2.19047619048
1.145	3.60195360195	1.42368742369
1.15	2.99145299145	0.339438339438
1.155	1.73137973138	-0.808302808303
1.16	0.100122100122	-1.79975579976
1.165	-1.57020757021	-2.41025641026
1.17	-2.89865689866	-2.51282051282
1.175	-3.60195360195	-2.06349206349
1.18	-3.57753357753	-1.21367521368
1.185	-2.80097680098	-0.100122100122
1.19	-1.41391941392	1.05738705739
1.195	0.261294261294	1.96092796093
1.2	1.86813186813	2.46398046398
1.205	3.07448107448	2.42490842491
1.21	3.62148962149	1.8778998779
1.215	3.40170940171	0.930402930403
1.22	2.45421245421	-0.217338217338
1.225	0.964590964591	-1.31623931624
1.23	-0.715506715507	-2.15628815629
1.235	-2.27838827839	-2.52747252747
1.24	-3.32844932845	-2.36141636142
1.245	-3.6800976801	-1.69230769231
1.25	-3.29914529915	-0.700854700855
1.255	-2.18559218559	0.461538461538
1.26	-0.627594627595	1.54578754579
1.265	1.07203907204	2.25885225885
1.27	2.5177045177	2.51282051282
1.275	3.43101343101	2.21978021978
1.28	3.61172161172	1.44810744811
1.285	3.02075702076	0.383394383394
1.29	1.78998778999	-0.774114774115
1.295	0.15873015873	-1.76556776557
1.3	-1.5115995116	-2.41025641026
1.305	-2.87423687424	-2.5177045177
1.31	-3.59218559219	-2.0927960928
1.315	-3.59218559219	-1.25274725275
1.32	-2.84004884005	-0.139194139194
1.325	-1.47252747253	1.00854700855
1.33	0.20757020757	1.93650793651
1.335	1.82417582418	2.44932844933
1.34	3.04029304029	2.42979242979
1.345	3.62148962149	1.9072039072
1.35	3.41636141636	0.959706959707
1.355	2.4884004884	-0.173382173382
1.36	1.0231990232	-1.30158730159
1.365	-0.666666666667	-2.12698412698
1.37	-2.22466422466	-2.53724053724
1.375	-3.3137973138	-2.37606837607
1.38	-3.67521367521	-1.71672771673
1.385	-3.32844932845	-0.739926739927
1.39	-2.23443223443	0.432234432234
1.395	-0.676434676435	1.50183150183
1.4	1.00854700855	2.2442002442
1.405	2.48351648352	2.50305250305
1.41	3.41147741148	2.23931623932
1.415	3.62148962149	1.48717948718
1.42	3.05494505495	0.42735042735
1.425	1.83882783883	-0.735042735043
1.43	0.20757020757	-1.74114774115
1.435	-1.45299145299	-2.38583638584
1.44	-2.83028083028	-2.52747252747
1.445	-3.58241758242	-2.10744810745
1.45	-3.60195360195	-1.28693528694
1.455	-2.87912087912	-0.173382173382
1.46	-1.52136752137	0.969474969475
1.465	0.139194139194	1.92185592186
1.47	1.77533577534	2.43467643468
1.475	3.00610500611	2.44444444444
1.48	3.61660561661	1.93162393162
1.485	3.44566544567	1.00366300366
1.49	2.54212454212	-0.13431013431
1.495	1.08669108669	-1.25274725275
1.5	-0.603174603175	-2.10256410256
1.505	-2.17094017094	-2.52747252747
1.51	-3.28937728938	-2.3956043956
1.515	-3.6800976801	-1.75091575092
1.52	-3.35286935287	-0.778998778999
1.525	-2.28327228327	0.383394383394
1.53	-0.735042735043	1.46764346764
1.535	0.949938949939	2.22954822955
1.54	2.43467643468	2.50305250305
1.545	3.38217338217	2.24908424908
1.55	3.63125763126	1.52625152625
1.555	3.08913308913	0.466422466422
1.56	1.89255189255	-0.691086691087
1.565	0.271062271062	-1.71184371184
1.57	-1.39926739927	-2.37118437118
1.575	-2.78632478632	-2.53724053724
1.58	-3.57264957265	-2.13675213675
1.585	-3.61172161172	-1.32112332112
1.59	-2.92307692308	-0.227106227106
1.595	-1.57509157509	0.935286935287
1.6	0.0757020757021	1.8778998779
1.605	1.71184371184	2.42979242979
1.61	2.9768009768	2.44932844933
1.615	3.59706959707	1.95604395604
1.62	3.46031746032	1.03785103785
1.625	2.57142857143	-0.100122100122
1.63	1.1452991453	-1.21855921856
1.635	-0.544566544567	-2.08791208791
1.64	-2.12698412698	-2.5177045177
1.645	-3.25518925519	-2.41514041514
1.65	-3.6800976801	-1.77533577534
1.655	-3.37240537241	-0.822954822955
1.66	-2.336996337	0.344322344322
1.665	-0.788766788767	1.43833943834
1.67	0.896214896215	2.20512820513
1.675	2.3956043956	2.50793650794
1.68	3.36263736264	2.2735042735
1.685	3.64102564103	1.55555555556
1.69	3.12332112332	0.505494505495
1.695	1.94139194139	-0.652014652015
1.7	0.334554334554	-1.68742368742
1.705	-1.34554334554	-2.35164835165
1.71	-2.74236874237	-2.53235653236
1.715	-3.557997558	-2.15628815629
1.72	-3.62148962149	-1.34554334554
1.725	-2.9474969475	-0.261294261294
1.73	-1.62881562882	0.901098901099
1.735	0.026862026862	1.86324786325
1.74	1.663003663	2.42490842491
1.745	2.9474969475	2.45421245421
1.75	3.59218559219	1.98046398046
1.755	3.48473748474	1.07692307692
1.76	2.62026862027	-0.0561660561661
1.765	1.19902319902	-1.17948717949
1.77	-0.481074481074	-2.06837606838
1.775	-2.07814407814	-2.50305250305
1.78	-3.23076923077	-2.42490842491
1.785	-3.6800976801	-1.80463980464
1.79	-3.39194139194	-0.857142857143
1.795	-2.39072039072	0.30525030525
1.8	-0.847374847375	1.40415140415
1.805	0.837606837607	2.18070818071
1.81	2.34188034188	2.50305250305
1.815	3.3431013431	2.27838827839
1.82	3.63614163614	1.58974358974
1.825	3.14774114774	0.544566544567
1.83	1.98534798535	-0.612942612943
1.835	0.40293040293	-1.64835164835
1.84	-1.28693528694	-2.34188034188
1.845	-2.70818070818	-2.53724053724
1.85	-3.53846153846	-2.18559218559
1.855	-3.63125763126	-1.37973137973
1.86	-2.99145299145	-0.310134310134
1.865	-1.69230769231	0.857142857143
1.87	-0.031746031746	1.82905982906
1.875	1.6043956044	2.40537240537
1.88	2.91330891331	2.46398046398
1.885	3.58241758242	2
1.89	3.49450549451	1.11111111111
1.895	2.65934065934	-0.021978021978
1.9	1.24786324786	-1.1452991453
1.905	-0.42735042735	-2.04395604396
1.91	-2.03907203907	-2.50305250305
1.915	-3.19658119658	-2.43467643468
1.92	-3.6800976801	-1.82905982906
1.925	-3.41147741148	-0.886446886447
1.93	-2.42490842491	0.266178266178
1.935	-0.910866910867	1.37973137973
1.94	0.788766788767	2.16605616606
1.945	2.29792429792	2.50793650794
1.95	3.32356532357	2.30769230769
1.955	3.64590964591	1.61904761905
1.96	3.17704517705	0.583638583639
1.965	2.03907203907	-0.583638583639
1.97	0.45177045177	-1.61904761905
1.975	-1.22832722833	-2.32234432234
1.98	-2.66422466422	-2.53724053724
1.985	-3.51892551893	-2.19536019536
1.99	-3.64102564103	-1.4188034188
1.995	-3.02564102564	-0.339438339438
2	-1.73626373626	0.822954822955
2.005	-0.100122100122	1.80463980464
2.01	1.56043956044	2.3956043956
2.015	2.87423687424	2.47374847375
2.02	3.57264957265	2.0293040293
2.025	3.51404151404	1.1452991453
2.03	2.69841269841	0.031746031746
2.035	1.31135531136	-1.10622710623
2.04	-0.368742368742	-2.00976800977
2.045	-1.9706959707	-2.49328449328
2.05	-3.17216117216	-2.44932844933
2.055	-3.66544566545	-1.85347985348
2.06	-3.44078144078	-0.935286935287
2.065	-2.47374847375	0.227106227106
2.07	-0.969474969475	1.32600732601
2.075	0.715506715507	2.14652014652
2.08	2.25396825397	2.49816849817
2.085	3.28449328449	2.31746031746
2.09	3.64590964591	1.65323565324
2.095	3.20634920635	0.622710622711
2.1	2.08302808303	-0.529914529915
2.105	0.515262515263	-1.59462759463
2.11	-1.1746031746	-2.30769230769
2.115	-2.61538461538	-2.54212454212
2.12	-3.50427350427	-2.22954822955
2.125	-3.65079365079	-1.44322344322
2.13	-3.05982905983	-0.393162393162
2.135	-1.79975579976	0.778998778999
2.14	-0.153846153846	1.77045177045
2.145	1.49694749695	2.38583638584
2.15	2.83516483516	2.47863247863
2.155	3.557997558	2.05372405372
2.16	3.51892551893	1.18925518926
2.165	2.74236874237	0.0610500610501
2.17	1.36507936508	-1.07203907204
2.175	-0.30525030525	-1.99023199023
2.18	-1.93162393162	-2.48351648352
2.185	-3.13797313797	-2.45421245421
2.19	-3.66056166056	-1.8778998779
2.195	-3.45543345543	-0.964590964591
2.2	-2.5177045177	0.18315018315
2.205	-1.01343101343	1.30158730159
2.21	0.656898656899	2.12698412698
2.215	2.21001221001	2.49816849817
2.22	3.27472527473	2.33211233211
2.225	3.64590964591	1.68742368742
2.23	3.23565323565	0.656898656899
2.235	2.13186813187	-0.495726495726
2.24	0.578754578755	-1.55555555556
2.245	-1.12087912088	-2.28815628816
2.25	-2.5811965812	-2.53724053724
2.255	-3.48962148962	-2.2442002442
2.26	-3.65567765568	-1.47741147741
2.265	-3.08913308913	-0.42735042735
2.27	-1.83882783883	0.749694749695
2.275	-0.202686202686	1.74603174603
2.28	1.44810744811	2.37606837607
2.285	2.80586080586	2.4884004884
2.29	3.54822954823	2.07326007326
2.295	3.54334554335	1.21855921856
2.3	2.78144078144	0.100122100122
2.305	1.40903540904	-1.03296703297
2.31	-0.251526251526	-1.9706959707
2.315	-1.8778998779	-2.47863247863
2.32	-3.10378510379	-2.46886446886
2.325	-3.65567765568	-1.91697191697
2.33	-3.48473748474	-1.00366300366
2.335	-2.56166056166	0.139194139194
2.34	-1.08180708181	1.2673992674
2.345	0.608058608059	2.09768009768
2.35	2.15628815629	2.49328449328
2.355	3.24542124542	2.336996337
2.36	3.64590964591	1.71672771673
2.365	3.26495726496	0.705738705739
2.37	2.17582417582	-0.456654456654
2.375	0.627594627595	-1.52625152625
2.38	-1.06227106227	-2.2735042735
2.385	-2.54212454212	-2.53724053724
2.39	-3.4652014652	-2.26862026862
2.395	-3.66544566545	-1.50183150183
2.4	-3.12332112332	-0.47619047619
2.405	-1.90231990232	0.705738705739
2.41	-0.271062271062	1.71672771673
2.415	1.39438339438	2.35653235653
2.42	2.75702075702	2.4884004884
2.425	3.53357753358	2.0927960928
2.43	3.55311355311	1.26251526252
2.435	2.82051282051	0.148962148962
2.44	1.47252747253	-0.993894993895
2.445	-0.188034188034	-1.93162393162
2.45	-1.82417582418	-2.47863247863
2.455	-3.07448107448	-2.47374847375
2.46	-3.64590964591	-1.94139194139
2.465	-3.49938949939	-1.03785103785
2.47	-2.59584859585	0.100122100122
2.475	-1.14041514042	1.22832722833
2.48	0.554334554335	2.08302808303
2.485	2.11721611722	2.4884004884
2.49	3.221001221	2.3663003663
2.495	3.65567765568	1.74114774115
2.5	3.28449328449	0.744810744811
2.505	2.22954822955	-0.422466422466
2.51	0.686202686203	-1.49206349206
2.515	-0.998778998779	-2.25396825397
2.52	-2.50305250305	-2.54212454212
2.525	-3.44566544567	-2.27838827839
2.53	-3.66544566545	-1.5409035409
2.535	-3.15262515263	-0.500610500611
2.54	-1.94139194139	0.661782661783
2.545	-0.324786324786	1.69230769231
2.55	1.34554334554	2.34188034188
2.555	2.71794871795	2.49328449328
2.56	3.52380952381	2.11233211233
2.565	3.56288156288	1.28693528694
2.57	2.8547008547	0.188034188034
2.575	1.52625152625	-0.964590964591
2.58	-0.13431013431	-1.9072039072
2.585	-1.77533577534	-2.4590964591
2.59	-3.04517704518	-2.4884004884
2.595	-3.63614163614	-1.96581196581
2.6	-3.51404151404	-1.08180708181
2.605	-2.64468864469	0.0610500610501
2.61	-1.19902319902	1.18437118437
2.615	0.481074481074	2.06349206349
2.62	2.06837606838	2.48351648352
2.625	3.1916971917	2.37606837607
2.63	3.64590964591	1.77533577534
2.635	3.30891330891	0.774114774115
2.64	2.2735042735	-0.368742368742
2.645	0.749694749695	-1.45787545788
2.65	-0.945054945055	-2.23931623932
2.655	-2.44932844933	-2.54212454212
2.66	-3.42612942613	-2.30769230769
2.665	-3.67032967033	-1.57020757021
2.67	-3.18681318681	-0.554334554335
2.675	-2.00488400488	0.627594627595
2.68	-0.388278388278	1.64835164835
2.685	1.28693528694	2.33211233211
2.69	2.68376068376	2.50305250305
2.695	3.49938949939	2.14163614164
2.7	3.57753357753	1.33089133089
2.705	2.89377289377	0.227106227106
2.71	1.58485958486	-0.915750915751
2.715	-0.0659340659341	-1.89255189255
2.72	-1.71672771673	-2.44932844933
2.725	-3.00122100122	-2.49816849817
2.73	-3.63125763126	-1.99023199023
2.735	-3.53357753358	-1.11111111111
2.74	-2.68376068376	0.01221001221
2.745	-1.25274725275	1.16483516484
2.75	0.432234432234	2.03418803419
2.755	2.01465201465	2.48351648352
2.76	3.16727716728	2.39072039072
2.765	3.64590964591	1.79975579976
2.77	3.33333333333	0.822954822955
2.775	2.32234432234	-0.334554334554
2.78	0.803418803419	-1.42368742369
2.785	-0.881562881563	-2.21001221001
2.79	-2.41514041514	-2.54212454212
2.795	-3.40170940171	-2.31257631258
2.8	-3.67521367521	-1.59951159951
2.805	-3.21611721612	-0.583638583639
2.81	-2.04395604396	0.573870573871
2.815	-0.446886446886	1.6336996337
2.82	1.2380952381	2.31257631258
2.825	2.63492063492	2.49816849817
2.83	3.48962148962	2.1514041514
2.835	3.5873015873	1.35531135531
2.84	2.92307692308	0.271062271062
2.845	1.62881562882	-0.891330891331
2.85	-0.017094017094	-1.85347985348
2.855	-1.66788766789	-2.44444444444
2.86	-2.9768009768	-2.50305250305
2.865	-3.62148962149	-2.01953601954
2.87	-3.55311355311	-1.15018315018
2.875	-2.72283272283	-0.017094017094
2.88	-1.31135531136	1.115995116
2.885	0.368742368742	2.01465201465
2.89	1.96581196581	2.46398046398
2.895	3.13308913309	2.40537240537
2.9	3.63614163614	1.81929181929
2.905	3.35286935287	0.857142857143
2.91	2.3663003663	-0.295482295482
2.915	0.852258852259	-1.3894993895
2.92	-0.822954822955	-2.19536019536
2.925	-2.36141636142	-2.53724053724
2.93	-3.38217338217	-2.336996337
2.935	-3.67032967033	-1.63858363858
2.94	-3.24542124542	-0.617826617827
2.945	-2.09768009768	0.539682539683
2.95	-0.510378510379	1.59462759463
2.955	1.1746031746	2.29792429792
2.96	2.60073260073	2.50305250305
2.965	3.47008547009	2.18559218559
2.97	3.59706959707	1.3894993895
2.975	2.95726495726	0.315018315018
2.98	1.68742368742	-0.852258852259
2.985	0.041514041514	-1.82417582418
2.99	-1.60927960928	-2.42490842491
2.995	-2.93772893773	-2.50793650794
3	-3.60683760684	-2.03907203907
3.005	-3.57264957265	-1.17948717949
3.01	-2.76678876679	-0.0610500610501
3.015	-1.3601953602	1.08180708181
3.02	0.319902319902	1.99023199023
3.025	1.92185592186	2.45421245421
3.03	3.10378510379	2.42002442002
3.035	3.63614163614	1.85347985348
3.04	3.37240537241	0.891330891331
3.045	2.41025641026	-0.25641025641
3.05	0.915750915751	-1.36507936508
3.055	-0.774114774115	-2.16605616606
3.06	-2.31257631258	-2.53724053724
3.065	-3.36752136752	-2.35164835165
3.07	-3.67521367521	-1.65811965812
3.075	-3.26984126984	-0.666666666667
3.08	-2.14652014652	0.510378510379
3.085	-0.559218559219	1.56043956044
3.09	1.115995116	2.28327228327
3.095	2.56654456654	2.50305250305
3.1	3.45054945055	2.19536019536
3.105	3.60195360195	1.42857142857
3.11	2.99145299145	0.344322344322
3.115	1.73137973138	-0.803418803419
3.12	0.105006105006	-1.80952380952
3.125	-1.57020757021	-2.41025641026
3.13	-2.90354090354	-2.5177045177
3.135	-3.61172161172	-2.06837606838
3.14	-3.57753357753	-1.20879120879
3.145	-2.80097680098	-0.105006105006
3.15	-1.4188034188	1.04761904762
3.155	0.25641025641	1.96092796093
3.16	1.86324786325	2.4590964591
3.165	3.07448107448	2.42002442002
3.17	3.61660561661	1.8778998779
3.175	3.40659340659	0.930402930403
3.18	2.44444444444	-0.217338217338
3.185	0.979242979243	-1.32112332112
3.19	-0.715506715507	-2.15628815629
3.195	-2.26862026862	-2.52258852259
3.2	-3.32844932845	-2.36141636142
3.205	-3.68498168498	-1.69230769231
3.21	-3.28937728938	-0.700854700855
3.215	-2.19047619048	0.466422466422
3.22	-0.627594627595	1.53601953602
3.225	1.06227106227	2.25885225885
3.23	2.5177045177	2.51282051282
3.235	3.4358974359	2.21978021978
3.24	3.61172161172	1.46764346764
3.245	3.03052503053	0.393162393162
3.25	1.79487179487	-0.769230769231
3.255	0.168498168498	-1.76068376068
3.26	-1.50183150183	-2.40048840049
3.265	-2.86446886447	-2.5177045177
3.27	-3.5873015873	-2.0927960928
3.275	-3.59218559219	-1.25274725275
3.28	-2.84004884005	-0.144078144078
3.285	-1.47741147741	1.00854700855
3.29	0.192918192918	1.94139194139
3.295	1.81929181929	2.44444444444
3.3	3.03540903541	2.43467643468
3.305	3.62148962149	1.9072039072
3.31	3.42612942613	0.969474969475
3.315	2.50305250305	-0.173382173382
3.32	1.03296703297	-1.28693528694
3.325	-0.656898656899	-2.12698412698
3.33	-2.21978021978	-2.52747252747
3.335	-3.3137973138	-2.38095238095
3.34	-3.6800976801	-1.72161172161
3.345	-3.32844932845	-0.744810744811
3.35	-2.2442002442	0.422466422466
3.355	-0.681318681319	1.49694749695
3.36	1.00366300366	2.2442002442
3.365	2.47374847375	2.50305250305
3.37	3.40659340659	2.23443223443
3.375	3.62148962149	1.49206349206
3.38	3.05006105006	0.422466422466
3.385	1.84371184371	-0.725274725275
3.39	0.222222222222	-1.74603174603
3.395	-1.45299145299	-2.38095238095
3.4	-2.8253968254	-2.52747252747
3.405	-3.5873015873	-2.11233211233
3.41	-3.60683760684	-1.29181929182
3.415	-2.884004884	-0.192918192918
3.42	-1.53601953602	0.969474969475
3.425	0.13431013431	1.90231990232
3.43	1.7557997558	2.44444444444
3.435	3.00610500611	2.44444444444
3.44	3.60195360195	1.93162393162
3.445	3.44566544567	1.00854700855
3.45	2.54212454212	-0.13431013431
3.455	1.09645909646	-1.2380952381
3.46	-0.588522588523	-2.11233211233
3.465	-2.17094017094	-2.5177045177
3.47	-3.27472527473	-2.3956043956
3.475	-3.6800976801	-1.75091575092
3.48	-3.34798534799	-0.778998778999
3.485	-2.29304029304	0.373626373626
3.49	-0.749694749695	1.47252747253
3.495	0.945054945055	2.22466422466
3.5	2.42490842491	2.51282051282
3.505	3.38705738706	2.25396825397
3.51	3.62148962149	1.53113553114
3.515	3.0989010989	0.47619047619
3.52	1.89743589744	-0.691086691087
3.525	0.290598290598	-1.70207570208
3.53	-1.38461538462	-2.37118437118
3.535	-2.78144078144	-2.52747252747
3.54	-3.56288156288	-2.13675213675
3.545	-3.61660561661	-1.32112332112
3.55	-2.92307692308	-0.227106227106
3.555	-1.58974358974	0.930402930403
3.56	0.0659340659341	1.88278388278
3.565	1.71184371184	2.42490842491
3.57	2.96703296703	2.4590964591
3.575	3.60195360195	1.95604395604
3.58	3.45543345543	1.04273504274
3.585	2.59096459096	-0.0903540903541
3.59	1.15018315018	-1.21855921856
3.595	-0.534798534799	-2.07326007326
3.6	-2.11721611722	-2.52258852259
3.605	-3.25518925519	-2.41025641026
3.61	-3.67521367521	-1.78021978022
3.615	-3.37240537241	-0.822954822955
3.62	-2.336996337	0.344322344322
3.625	-0.803418803419	1.42857142857
3.63	0.891330891331	2.21001221001
3.635	2.38583638584	2.49816849817
3.64	3.35775335775	2.2735042735
3.645	3.63614163614	1.55555555556
3.65	3.11843711844	0.510378510379
3.655	1.95115995116	-0.652014652015
3.66	0.344322344322	-1.68253968254
3.665	-1.33577533578	-2.35653235653
3.67	-2.74725274725	-2.53724053724
3.675	-3.55311355311	-2.16117216117
3.68	-3.62637362637	-1.3601953602
3.685	-2.96214896215	-0.261294261294
3.69	-1.63858363858	0.881562881563
3.695	0.01221001221	1.85347985348
3.7	1.663003663	2.42002442002
3.705	2.93284493284	2.46398046398
3.71	3.59706959707	1.98046398046
3.715	3.47985347985	1.07692307692
3.72	2.62515262515	-0.046398046398
3.725	1.20879120879	-1.17948717949
3.73	-0.47619047619	-2.05372405372
3.735	-2.06837606838	-2.50793650794
3.74	-3.23076923077	-2.42002442002
3.745	-3.67032967033	-1.80463980464
3.75	-3.39682539683	-0.862026862027
3.755	-2.38583638584	0.30525030525
3.76	-0.857142857143	1.39438339438
3.765	0.827838827839	2.19047619048
3.77	2.34188034188	2.50793650794
3.775	3.33821733822	2.29304029304
3.78	3.64102564103	1.59462759463
3.785	3.15750915751	0.549450549451
3.79	1.99511599512	-0.603174603175
3.795	0.407814407814	-1.64835164835
3.8	-1.28205128205	-2.33211233211
3.805	-2.69841269841	-2.53724053724
3.81	-3.53846153846	-2.18559218559
3.815	-3.62637362637	-1.3894993895
3.82	-2.99145299145	-0.310134310134
3.825	-1.69230769231	0.852258852259
3.83	-0.046398046398	1.81929181929
3.835	1.59462759463	2.40537240537
3.84	2.90354090354	2.46398046398
3.845	3.57264957265	2.00488400488
3.85	3.49938949939	1.115995116
3.855	2.65445665446	-0.01221001221
3.86	1.25763125763	-1.14041514042
3.865	-0.417582417582	-2.03907203907
3.87	-2.0293040293	-2.49816849817
3.875	-3.1916971917	-2.43467643468
3.88	-3.67521367521	-1.83394383394
3.885	-3.42124542125	-0.896214896215
3.89	-2.42979242979	0.25641025641
3.895	-0.915750915751	1.36996336996
3.9	0.774114774115	2.15628815629
3.905	2.29304029304	2.51282051282
3.91	3.32356532357	2.30280830281
3.915	3.63614163614	1.62881562882
3.92	3.18681318681	0.588522588523
3.925	2.03907203907	-0.568986568987
3.93	0.461538461538	-1.61416361416
3.935	-1.22832722833	-2.32722832723
3.94	-2.66422466422	-2.54212454212
3.945	-3.52380952381	-2.2148962149
3.95	-3.64590964591	-1.4188034188
3.955	-3.02075702076	-0.349206349206
3.96	-1.74114774115	0.822954822955
3.965	-0.0952380952381	1.80463980464
3.97	1.55555555556	2.39072039072
3.975	2.86935286935	2.48351648352
3.98	3.57753357753	2.0293040293
3.985	3.50915750916	1.15018315018
3.99	2.7032967033	0.031746031746
3.995	1.31623931624	-1.10622710623
4	-0.363858363858	-2.00976800977
4.005	-1.9706959707	-2.49816849817
4.01	-3.17216117216	-2.43956043956
4.015	-3.66056166056	-1.86324786325
4.02	-3.44566544567	-0.930402930403
4.025	-2.46886446886	0.222222222222
4.03	-0.969474969475	1.33089133089
4.035	0.720390720391	2.1514041514
4.04	2.24908424908	2.49816849817
4.045	3.29426129426	2.32722832723
4.05	3.64590964591	1.64835164835
4.055	3.20634920635	0.632478632479
4.06	2.0927960928	-0.529914529915
4.065	0.515262515263	-1.57997557998
4.07	-1.16483516484	-2.30280830281
4.075	-2.61538461538	-2.54212454212
4.08	-3.50427350427	-2.21978021978
4.085	-3.64590964591	-1.45299145299
4.09	-3.06471306471	-0.388278388278
4.095	-1.79487179487	0.774114774115
4.1	-0.168498168498	1.77045177045
4.105	1.50183150183	2.38583638584
4.11	2.83516483516	2.47374847375
4.115	3.55311355311	2.05860805861
4.12	3.52869352869	1.18437118437
4.125	2.73748473748	0.0708180708181
4.13	1.36996336996	-1.07203907204
4.135	-0.300366300366	-1.99023199023
4.14	-1.92673992674	-2.4884004884
4.145	-3.13308913309	-2.46398046398
4.15	-3.66544566545	-1.88766788767
4.155	-3.46031746032	-0.969474969475
4.16	-2.51282051282	0.18315018315
4.165	-1.02808302808	1.30158730159
4.17	0.661782661783	2.11721611722
4.175	2.20512820513	2.50305250305
4.18	3.26984126984	2.32722832723
4.185	3.64102564103	1.68253968254
4.19	3.23565323565	0.661782661783
4.195	2.13675213675	-0.490842490842
4.2	0.573870573871	-1.55555555556
4.205	-1.115995116	-2.29304029304
4.21	-2.58608058608	-2.53724053724
4.215	-3.48473748474	-2.24908424908
4.22	-3.66056166056	-1.47741147741
4.225	-3.08913308913	-0.422466422466
4.23	-1.84371184371	0.744810744811
4.235	-0.20757020757	1.74603174603
4.24	1.45787545788	2.3663003663
4.245	2.79609279609	2.49328449328
4.25	3.54822954823	2.07814407814
4.255	3.53357753358	1.22344322344
4.26	2.78144078144	0.105006105006
4.265	1.42368742369	-1.03296703297
4.27	-0.246642246642	-1.96092796093
4.275	-1.87301587302	-2.47863247863
4.28	-3.10866910867	-2.46398046398
4.285	-3.65079365079	-1.91697191697
4.29	-3.48962148962	-0.993894993895
4.295	-2.55677655678	0.144078144078
4.3	-1.09157509158	1.26251526252
4.305	0.608058608059	2.10256410256
4.31	2.15628815629	2.49328449328
4.315	3.24542124542	2.35653235653
4.32	3.65079365079	1.71184371184
4.325	3.26007326007	0.710622710623
4.33	2.19047619048	-0.446886446886
4.335	0.632478632479	-1.52136752137
4.34	-1.04761904762	-2.26373626374
4.345	-2.53235653236	-2.54700854701
4.35	-3.4652014652	-2.26373626374
4.355	-3.66056166056	-1.51648351648
4.36	-3.13308913309	-0.471306471306
4.365	-1.90231990232	0.691086691087
4.37	-0.28083028083	1.71184371184
4.375	1.39438339438	2.34676434676
4.38	2.74725274725	2.49328449328
4.385	3.53357753358	2.10256410256
4.39	3.54822954823	1.25763125763
4.395	2.81562881563	0.15873015873
4.4	1.47741147741	-0.998778998779
4.405	-0.18315018315	-1.92673992674
4.41	-1.81929181929	-2.47374847375
4.415	-3.07448107448	-2.47374847375
4.42	-3.64590964591	-1.94139194139
4.425	-3.50915750916	-1.04273504274
4.43	-2.60073260073	0.100122100122
4.435	-1.1452991453	1.22344322344
4.44	0.549450549451	2.08302808303
4.445	2.11233211233	2.48351648352
4.45	3.21611721612	2.3663003663
4.455	3.65079365079	1.73626373626
4.46	3.28449328449	0.744810744811
4.465	2.22954822955	-0.417582417582
4.47	0.686202686203	-1.49206349206
4.475	-0.993894993895	-2.24908424908
4.48	-2.50305250305	-2.54700854701
4.485	-3.44566544567	-2.27838827839
4.49	-3.66544566545	-1.54578754579
4.495	-3.15750915751	-0.500610500611
4.5	-1.94627594628	0.656898656899
4.505	-0.339438339438	1.68742368742
4.51	1.34554334554	2.336996337
4.515	2.71794871795	2.50305250305
4.52	3.51892551893	2.1221001221
4.525	3.56776556777	1.29181929182
4.53	2.8547008547	0.197802197802
4.535	1.53601953602	-0.954822954823
4.54	-0.129426129426	-1.90231990232
4.545	-1.77045177045	-2.4590964591
4.55	-3.04029304029	-2.49328449328
4.555	-3.64102564103	-1.96092796093
4.56	-3.51892551893	-1.08669108669
4.565	-2.64468864469	0.0659340659341
4.57	-1.19902319902	1.18925518926
4.575	0.481074481074	2.05860805861
4.58	2.06349206349	2.4884004884
4.585	3.1916971917	2.37606837607
4.59	3.65079365079	1.78021978022
4.595	3.31868131868	0.778998778999
4.6	2.28327228327	-0.368742368742
4.605	0.754578754579	-1.45787545788
4.61	-0.940170940171	-2.22954822955
4.615	-2.44932844933	-2.54700854701
4.62	-3.42612942613	-2.29792429792
4.625	-3.66544566545	-1.57997557998
4.63	-3.1916971917	-0.549450549451
4.635	-2	0.622710622711
4.64	-0.40293040293	1.65323565324
4.645	1.28205128205	2.32722832723
4.65	2.67887667888	2.49328449328
4.655	3.49450549451	2.14163614164
4.66	3.57753357753	1.32112332112
4.665	2.89377289377	0.23199023199
4.67	1.58485958486	-0.925518925519
4.675	-0.0659340659341	-1.87301587302
4.68	-1.71184371184	-2.44932844933
4.685	-3.01098901099	-2.49816849817
4.69	-3.62637362637	-1.99511599512
4.695	-3.53846153846	-1.115995116
4.7	-2.69352869353	0.017094017094
4.705	-1.25763125763	1.1452991453
4.71	0.422466422466	2.03418803419
4.715	2.01465201465	2.47863247863
4.72	3.15750915751	2.38583638584
4.725	3.64102564103	1.80952380952
4.73	3.33333333333	0.813186813187
4.735	2.32722832723	-0.324786324786
4.74	0.808302808303	-1.4188034188
4.745	-0.886446886447	-2.20512820513
4.75	-2.3956043956	-2.54212454212
4.755	-3.40659340659	-2.31746031746
4.76	-3.67032967033	-1.59951159951
4.765	-3.221001221	-0.593406593407
4.77	-2.04884004884	0.578754578755
4.775	-0.45177045177	1.62881562882
4.78	1.22832722833	2.31257631258
4.785	2.6398046398	2.50305250305
4.79	3.48473748474	2.16117216117
4.795	3.5873015873	1.35531135531
4.8	2.92307692308	0.275946275946
4.805	1.64346764347	-0.881562881563
4.81	-0.01221001221	-1.85347985348
4.815	-1.65323565324	-2.43467643468
4.82	-2.96703296703	-2.50305250305
4.825	-3.62148962149	-2.01465201465
4.83	-3.54822954823	-1.15506715507
4.835	-2.7326007326	-0.017094017094
4.84	-1.31623931624	1.11111111111
4.845	0.363858363858	2.01465201465
4.85	1.96581196581	2.47374847375
4.855	3.13308913309	2.40537240537
4.86	3.63614163614	1.83394383394
4.865	3.36263736264	0.857142857143
4.87	2.3663003663	-0.285714285714
4.875	0.871794871795	-1.3894993895
4.88	-0.822954822955	-2.19536019536
4.885	-2.35653235653	-2.53724053724
4.89	-3.37728937729	-2.34188034188
4.895	-3.6800976801	-1.62393162393
4.9	-3.25030525031	-0.632478632479
4.905	-2.11233211233	0.534798534799
4.91	-0.520146520147	1.58974358974
4.915	1.16483516484	2.28815628816
4.92	2.59096459096	2.50793650794
4.925	3.46031746032	2.17094017094
4.93	3.59706959707	1.39926739927
4.935	2.96703296703	0.315018315018
4.94	1.68742368742	-0.842490842491
4.945	0.0561660561661	-1.82417582418
4.95	-1.6043956044	-2.42979242979
4.955	-2.93284493284	-2.50793650794
4.96	-3.61172161172	-2.05372405372
4.965	-3.56776556777	-1.18437118437
4.97	-2.77167277167	-0.0757020757021
4.975	-1.37973137973	1.08180708181
4.98	0.30525030525	1.97557997558
4.985	1.90231990232	2.46398046398
4.99	3.10866910867	2.42002442002
4.995	3.63125763126	1.85347985348
5	3.38217338217	0.901098901099
