0	3.63125763126	1.60927960928
0.005	3.07448107448	0.510378510379
0.01	1.81929181929	-0.720390720391
0.015	0.129426129426	-1.78021978022
0.02	-1.58485958486	-2.44932844933
0.025	-2.95726495726	-2.55677655678
0.03	-3.62148962149	-2.06349206349
0.035	-3.52869352869	-1.15018315018
0.04	-2.6105006105	0.046398046398
0.045	-1.09645909646	1.2380952381
0.05	0.652014652015	2.13675213675
0.055	2.24908424908	2.53724053724
0.06	3.3137973138	2.3663003663
0.065	3.63614163614	1.64346764347
0.07	3.11355311355	0.559218559219
0.075	1.88766788767	-0.661782661783
0.08	0.202686202686	-1.74114774115
0.085	-1.51648351648	-2.42979242979
0.09	-2.90842490842	-2.56654456654
0.095	-3.61660561661	-2.09768009768
0.1	-3.54334554335	-1.19902319902
0.105	-2.66910866911	-0.002442002442
0.11	-1.16971916972	1.18437118437
0.115	0.578754578755	2.11233211233
0.12	2.19047619048	2.53235653236
0.125	3.27960927961	2.38095238095
0.13	3.64102564103	1.69230769231
0.135	3.15750915751	0.608058608059
0.14	1.95604395604	-0.612942612943
0.145	0.285714285714	-1.70695970696
0.15	-1.44322344322	-2.41025641026
0.155	-2.85958485958	-2.57631257631
0.16	-3.60683760684	-2.12698412698
0.165	-3.557997558	-1.2380952381
0.17	-2.71794871795	-0.0561660561661
0.175	-1.23321123321	1.1452991453
0.18	0.505494505495	2.07814407814
0.185	2.1221001221	2.53235653236
0.19	3.25518925519	2.3956043956
0.195	3.64102564103	1.73626373626
0.2	3.19658119658	0.661782661783
0.205	2.00976800977	-0.559218559219
0.21	0.368742368742	-1.663003663
0.215	-1.36996336996	-2.39072039072
0.22	-2.80586080586	-2.57631257631
0.225	-3.5873015873	-2.16605616606
0.23	-3.58241758242	-1.28205128205
0.235	-2.76678876679	-0.114774114774
0.24	-1.32112332112	1.09157509158
0.245	0.432234432234	2.04395604396
0.25	2.06349206349	2.5177045177
0.255	3.21611721612	2.42490842491
0.26	3.64590964591	1.77045177045
0.265	3.22588522589	0.715506715507
0.27	2.07814407814	-0.510378510379
0.275	0.442002442002	-1.61416361416
0.28	-1.2967032967	-2.37118437118
0.285	-2.7619047619	-2.58608058608
0.29	-3.56288156288	-2.19047619048
0.295	-3.60683760684	-1.33089133089
0.3	-2.81562881563	-0.173382173382
0.305	-1.39926739927	1.04273504274
0.31	0.349206349206	2.00976800977
0.315	1.99511599512	2.50793650794
0.32	3.18192918193	2.43956043956
0.325	3.64590964591	1.81440781441
0.33	3.26495726496	0.769230769231
0.335	2.14652014652	-0.456654456654
0.34	0.525030525031	-1.56532356532
0.345	-1.21855921856	-2.35164835165
0.35	-2.7032967033	-2.5811965812
0.355	-3.54822954823	-2.22466422466
0.36	-3.61660561661	-1.38461538462
0.365	-2.87423687424	-0.23199023199
0.37	-1.46764346764	0.989010989011
0.375	0.25641025641	1.97557997558
0.38	1.92673992674	2.49816849817
0.385	3.13308913309	2.45421245421
0.39	3.64102564103	1.85347985348
0.395	3.29914529915	0.827838827839
0.4	2.2148962149	-0.388278388278
0.405	0.603174603175	-1.52625152625
0.41	-1.13553113553	-2.31746031746
0.415	-2.64468864469	-2.58608058608
0.42	-3.52380952381	-2.25396825397
0.425	-3.62637362637	-1.42368742369
0.43	-2.92796092796	-0.285714285714
0.435	-1.53601953602	0.935286935287
0.44	0.18315018315	1.94139194139
0.445	1.85836385836	2.49328449328
0.45	3.09401709402	2.47374847375
0.455	3.63614163614	1.89255189255
0.46	3.33333333333	0.876678876679
0.465	2.27838827839	-0.339438339438
0.47	0.691086691087	-1.4822954823
0.475	-1.05738705739	-2.28815628816
0.48	-2.5811965812	-2.59096459096
0.485	-3.50427350427	-2.2735042735
0.49	-3.63614163614	-1.47741147741
0.495	-2.98168498168	-0.339438339438
0.5	-1.61416361416	0.886446886447
0.505	0.100122100122	1.89743589744
0.51	1.7851037851	2.47863247863
0.515	3.05494505495	2.48351648352
0.52	3.62148962149	1.93162393162
0.525	3.36752136752	0.930402930403
0.53	2.33211233211	-0.275946275946
0.535	0.769230769231	-1.43345543346
0.54	-0.984126984127	-2.26373626374
0.545	-2.52258852259	-2.58608058608
0.55	-3.47985347985	-2.31257631258
0.555	-3.65079365079	-1.5115995116
0.56	-3.02564102564	-0.412698412698
0.565	-1.69719169719	0.832722832723
0.57	0.021978021978	1.85836385836
0.575	1.71184371184	2.46398046398
0.58	3.00610500611	2.49328449328
0.585	3.61172161172	1.96092796093
0.59	3.39194139194	0.984126984127
0.595	2.40048840049	-0.23199023199
0.6	0.842490842491	-1.38461538462
0.605	-0.901098901099	-2.23443223443
0.61	-2.46398046398	-2.59096459096
0.615	-3.45543345543	-2.33211233211
0.62	-3.65567765568	-1.56532356532
0.625	-3.07936507937	-0.466422466422
0.63	-1.76068376068	0.774114774115
0.635	-0.0610500610501	1.81440781441
0.64	1.64346764347	2.44932844933
0.645	2.96214896215	2.50305250305
0.65	3.60683760684	2.00488400488
0.655	3.43101343101	1.03785103785
0.66	2.45421245421	-0.163614163614
0.665	0.925518925519	-1.34065934066
0.67	-0.822954822955	-2.20512820513
0.675	-2.40048840049	-2.57631257631
0.68	-3.42612942613	-2.3663003663
0.685	-3.67032967033	-1.59951159951
0.69	-3.11355311355	-0.515262515263
0.695	-1.84371184371	0.720390720391
0.7	-0.139194139194	1.7851037851
0.705	1.57020757021	2.42979242979
0.71	2.91819291819	2.5177045177
0.715	3.59706959707	2.02442002442
0.72	3.44566544567	1.08669108669
0.725	2.52258852259	-0.10989010989
0.73	1.00366300366	-1.29181929182
0.735	-0.749694749695	-2.17582417582
0.74	-2.336996337	-2.5811965812
0.745	-3.40170940171	-2.38095238095
0.75	-3.66544566545	-1.63858363858
0.755	-3.16239316239	-0.564102564103
0.76	-1.90231990232	0.666666666667
0.765	-0.23199023199	1.74114774115
0.77	1.50183150183	2.41025641026
0.775	2.86446886447	2.52258852259
0.78	3.57753357753	2.06837606838
0.785	3.47008547009	1.13064713065
0.79	2.57142857143	-0.0512820512821
0.795	1.07692307692	-1.25274725275
0.8	-0.671550671551	-2.14163614164
0.805	-2.2735042735	-2.58608058608
0.81	-3.36752136752	-2.40537240537
0.815	-3.67032967033	-1.68742368742
0.82	-3.20634920635	-0.622710622711
0.825	-1.9706959707	0.608058608059
0.83	-0.300366300366	1.70207570208
0.835	1.42857142857	2.39072039072
0.84	2.81562881563	2.52747252747
0.845	3.56288156288	2.10256410256
0.85	3.49938949939	1.1746031746
0.855	2.62515262515	0.002442002442
0.86	1.15506715507	-1.19413919414
0.865	-0.598290598291	-2.11233211233
0.87	-2.2148962149	-2.56654456654
0.875	-3.33333333333	-2.42490842491
0.88	-3.6800976801	-1.72161172161
0.885	-3.24053724054	-0.681318681319
0.89	-2.04395604396	0.559218559219
0.895	-0.37851037851	1.65811965812
0.9	1.35042735043	2.37118437118
0.905	2.77167277167	2.53724053724
0.91	3.54822954823	2.13186813187
0.915	3.51892551893	1.23321123321
0.92	2.68864468864	0.0512820512821
0.925	1.22344322344	-1.14041514042
0.93	-0.505494505495	-2.08791208791
0.935	-2.1514041514	-2.55677655678
0.94	-3.29426129426	-2.44444444444
0.945	-3.67521367521	-1.76556776557
0.95	-3.27472527473	-0.725274725275
0.955	-2.10256410256	0.495726495726
0.96	-0.461538461538	1.61904761905
0.965	1.28205128205	2.34676434676
0.97	2.71306471306	2.54212454212
0.975	3.52869352869	2.16117216117
0.98	3.53846153846	1.28205128205
0.985	2.73748473748	0.119658119658
0.99	1.31135531136	-1.09157509158
0.995	-0.432234432234	-2.04395604396
1	-2.07326007326	-2.54700854701
1.005	-3.26495726496	-2.46398046398
1.01	-3.67521367521	-1.80463980464
1.015	-3.3137973138	-0.788766788767
1.02	-2.18070818071	0.446886446886
1.025	-0.549450549451	1.56532356532
1.03	1.19413919414	2.32722832723
1.035	2.65934065934	2.54212454212
1.04	3.50427350427	2.19047619048
1.045	3.557997558	1.33577533578
1.05	2.79609279609	0.178266178266
1.055	1.39926739927	-1.02808302808
1.06	-0.324786324786	-2.00976800977
1.065	-2	-2.53235653236
1.07	-3.21123321123	-2.49328449328
1.075	-3.67521367521	-1.8485958486
1.08	-3.35286935287	-0.847374847375
1.085	-2.25885225885	0.368742368742
1.09	-0.647130647131	1.51648351648
1.095	1.10134310134	2.29304029304
1.1	2.58608058608	2.55189255189
1.105	3.47985347985	2.2148962149
1.11	3.57264957265	1.39926739927
1.115	2.86446886447	0.241758241758
1.12	1.47741147741	-0.969474969475
1.125	-0.23199023199	-1.96092796093
1.13	-1.91697191697	-2.5177045177
1.135	-3.16239316239	-2.50305250305
1.14	-3.67032967033	-1.9072039072
1.145	-3.40170940171	-0.910866910867
1.15	-2.336996337	0.30525030525
1.155	-0.744810744811	1.45299145299
1.16	0.998778998779	2.26373626374
1.165	2.51282051282	2.54212454212
1.17	3.45054945055	2.26373626374
1.175	3.59706959707	1.44810744811
1.18	2.92307692308	0.324786324786
1.185	1.58974358974	-0.891330891331
1.19	-0.129426129426	-1.9072039072
1.195	-1.81440781441	-2.50305250305
1.2	-3.10378510379	-2.52747252747
1.205	-3.66056166056	-1.94139194139
1.21	-3.4358974359	-0.984126984127
1.215	-2.42979242979	0.222222222222
1.22	-0.842490842491	1.39438339438
1.225	0.896214896215	2.21978021978
1.23	2.43467643468	2.55189255189
1.235	3.41147741148	2.28815628816
1.24	3.60683760684	1.52136752137
1.245	2.98656898657	0.393162393162
1.25	1.67765567766	-0.822954822955
1.255	-0.01221001221	-1.85347985348
1.26	-1.71672771673	-2.48351648352
1.265	-3.04517704518	-2.53235653236
1.27	-3.64590964591	-2
1.275	-3.47985347985	-1.0525030525
1.28	-2.49816849817	0.148962148962
1.285	-0.959706959707	1.32112332112
1.29	0.788766788767	2.19047619048
1.295	2.34676434676	2.53235653236
1.3	3.36263736264	2.33211233211
1.305	3.62637362637	1.57509157509
1.31	3.04517704518	0.471306471306
1.315	1.7851037851	-0.744810744811
1.32	0.100122100122	-1.80463980464
1.325	-1.61904761905	-2.45421245421
1.33	-2.9768009768	-2.55677655678
1.335	-3.63125763126	-2.04884004884
1.34	-3.50915750916	-1.13064713065
1.345	-2.59584859585	0.0659340659341
1.35	-1.06715506716	1.25274725275
1.355	0.671550671551	2.14163614164
1.36	2.25885225885	2.54212454212
1.365	3.32356532357	2.35164835165
1.37	3.63125763126	1.64346764347
1.375	3.11355311355	0.544566544567
1.38	1.87301587302	-0.661782661783
1.385	0.212454212454	-1.74603174603
1.39	-1.52136752137	-2.42979242979
1.395	-2.90354090354	-2.56166056166
1.4	-3.61172161172	-2.0927960928
1.405	-3.54822954823	-1.19413919414
1.41	-2.67399267399	-0.01221001221
1.415	-1.18437118437	1.17948717949
1.42	0.559218559219	2.09768009768
1.425	2.16605616606	2.53235653236
1.43	3.27472527473	2.39072039072
1.435	3.64590964591	1.70207570208
1.44	3.17216117216	0.637362637363
1.445	1.99023199023	-0.593406593407
1.45	0.324786324786	-1.67765567766
1.455	-1.39926739927	-2.3956043956
1.46	-2.8253968254	-2.57631257631
1.465	-3.59706959707	-2.14163614164
1.47	-3.57264957265	-1.2673992674
1.475	-2.76678876679	-0.100122100122
1.48	-1.2967032967	1.10622710623
1.485	0.437118437118	2.03907203907
1.49	2.07326007326	2.52258852259
1.495	3.221001221	2.41514041514
1.5	3.64102564103	1.77045177045
1.505	3.23565323565	0.715506715507
1.51	2.08302808303	-0.505494505495
1.515	0.456654456654	-1.61416361416
1.52	-1.28205128205	-2.36141636142
1.525	-2.74725274725	-2.57631257631
1.53	-3.56776556777	-2.19536019536
1.535	-3.60195360195	-1.33577533578
1.54	-2.83516483516	-0.18315018315
1.545	-1.42368742369	1.02808302808
1.55	0.315018315018	1.99511599512
1.555	1.96581196581	2.50305250305
1.56	3.15750915751	2.44444444444
1.565	3.64102564103	1.82905982906
1.57	3.28449328449	0.798534798535
1.575	2.19047619048	-0.422466422466
1.58	0.573870573871	-1.5409035409
1.585	-1.16483516484	-2.32722832723
1.59	-2.65934065934	-2.58608058608
1.595	-3.53357753358	-2.23931623932
1.6	-3.62637362637	-1.4188034188
1.605	-2.92796092796	-0.271062271062
1.61	-1.53601953602	0.940170940171
1.615	0.173382173382	1.93650793651
1.62	1.85347985348	2.4884004884
1.625	3.09401709402	2.46398046398
1.63	3.63614163614	1.89255189255
1.635	3.33821733822	0.876678876679
1.64	2.28327228327	-0.324786324786
1.645	0.710622710623	-1.47252747253
1.65	-1.04761904762	-2.28815628816
1.655	-2.56654456654	-2.58608058608
1.66	-3.49450549451	-2.29304029304
1.665	-3.64102564103	-1.4822954823
1.67	-3.00122100122	-0.368742368742
1.675	-1.65811965812	0.857142857143
1.68	0.0610500610501	1.87301587302
1.685	1.74114774115	2.46398046398
1.69	3.03052503053	2.49328449328
1.695	3.61660561661	1.94627594628
1.7	3.39682539683	0.964590964591
1.705	2.38095238095	-0.236874236874
1.71	0.832722832723	-1.39438339438
1.715	-0.915750915751	-2.23931623932
1.72	-2.46886446886	-2.5811965812
1.725	-3.45054945055	-2.33211233211
1.73	-3.66056166056	-1.55067155067
1.735	-3.0695970696	-0.461538461538
1.74	-1.77533577534	0.774114774115
1.745	-0.0757020757021	1.80952380952
1.75	1.62881562882	2.44444444444
1.755	2.96214896215	2.50305250305
1.76	3.60195360195	2.00488400488
1.765	3.4358974359	1.04761904762
1.77	2.48351648352	-0.148962148962
1.775	0.964590964591	-1.31135531136
1.78	-0.783882783883	-2.19536019536
1.785	-2.3663003663	-2.57142857143
1.79	-3.40659340659	-2.37118437118
1.795	-3.67032967033	-1.61904761905
1.8	-3.14285714286	-0.549450549451
1.805	-1.88766788767	0.686202686203
1.81	-0.202686202686	1.74603174603
1.815	1.50671550672	2.41025641026
1.82	2.87423687424	2.52258852259
1.825	3.57753357753	2.05372405372
1.83	3.47008547009	1.13553113553
1.835	2.57631257631	-0.0659340659341
1.84	1.08180708181	-1.23321123321
1.845	-0.656898656899	-2.14163614164
1.85	-2.2735042735	-2.56654456654
1.855	-3.35286935287	-2.40537240537
1.86	-3.67032967033	-1.69230769231
1.865	-3.21611721612	-0.642246642247
1.87	-2	0.593406593407
1.875	-0.339438339438	1.68253968254
1.88	1.3894993895	2.37606837607
1.885	2.79120879121	2.53235653236
1.89	3.55311355311	2.10744810745
1.895	3.50427350427	1.20879120879
1.9	2.67399267399	0.03663003663
1.905	1.20879120879	-1.15506715507
1.91	-0.520146520147	-2.08791208791
1.915	-2.15628815629	-2.56166056166
1.92	-3.30402930403	-2.43956043956
1.925	-3.67521367521	-1.76556776557
1.93	-3.27960927961	-0.720390720391
1.935	-2.11233211233	0.495726495726
1.94	-0.47619047619	1.61416361416
1.945	1.2673992674	2.34676434676
1.95	2.70818070818	2.54212454212
1.955	3.52380952381	2.16605616606
1.96	3.54822954823	1.29181929182
1.965	2.75702075702	0.129426129426
1.97	1.34065934066	-1.07692307692
1.975	-0.393162393162	-2.02442002442
1.98	-2.04395604396	-2.55189255189
1.985	-3.24053724054	-2.46398046398
1.99	-3.67032967033	-1.82417582418
1.995	-3.3431013431	-0.813186813187
2	-2.2148962149	0.40293040293
2.005	-0.603174603175	1.53601953602
2.01	1.1452991453	2.30769230769
2.015	2.60561660562	2.54700854701
2.02	3.48962148962	2.21001221001
2.025	3.57264957265	1.36996336996
2.03	2.84493284493	0.227106227106
2.035	1.45787545788	-0.989010989011
2.04	-0.25641025641	-1.9706959707
2.045	-1.93162393162	-2.52747252747
2.05	-3.17216117216	-2.49816849817
2.055	-3.66544566545	-1.89255189255
2.06	-3.39194139194	-0.901098901099
2.065	-2.32722832723	0.310134310134
2.07	-0.735042735043	1.46764346764
2.075	1.00854700855	2.25885225885
2.08	2.5177045177	2.55677655678
2.085	3.45054945055	2.24908424908
2.09	3.5873015873	1.45299145299
2.095	2.92796092796	0.310134310134
2.1	1.57509157509	-0.901098901099
2.105	-0.129426129426	-1.92185592186
2.11	-1.82905982906	-2.50305250305
2.115	-3.10378510379	-2.52258852259
2.12	-3.65567765568	-1.95115995116
2.125	-3.44566544567	-0.984126984127
2.13	-2.42490842491	0.222222222222
2.135	-0.862026862027	1.38461538462
2.14	0.886446886447	2.2148962149
2.145	2.42002442002	2.55189255189
2.15	3.41147741148	2.29304029304
2.155	3.61172161172	1.52136752137
2.16	3.00122100122	0.40293040293
2.165	1.69719169719	-0.813186813187
2.17	-0.002442002442	-1.8485958486
2.175	-1.70695970696	-2.47863247863
2.18	-3.03052503053	-2.53724053724
2.185	-3.64102564103	-2.01465201465
2.19	-3.48473748474	-1.06715506716
2.195	-2.52258852259	0.124542124542
2.2	-0.989010989011	1.31135531136
2.205	0.759462759463	2.17582417582
2.21	2.32722832723	2.54212454212
2.215	3.35775335775	2.33211233211
2.22	3.62637362637	1.59462759463
2.225	3.0695970696	0.495726495726
2.23	1.81440781441	-0.730158730159
2.235	0.129426129426	-1.78021978022
2.24	-1.58485958486	-2.43956043956
2.245	-2.95726495726	-2.55189255189
2.25	-3.62148962149	-2.05860805861
2.255	-3.52380952381	-1.15018315018
2.26	-2.62515262515	0.041514041514
2.265	-1.115995116	1.22344322344
2.27	0.627594627595	2.13186813187
2.275	2.22954822955	2.53724053724
2.28	3.30402930403	2.3663003663
2.285	3.64102564103	1.67277167277
2.29	3.14285714286	0.588522588523
2.295	1.92673992674	-0.632478632479
2.3	0.271062271062	-1.71672771673
2.305	-1.46275946276	-2.41025641026
2.31	-2.86935286935	-2.57142857143
2.315	-3.60683760684	-2.11721611722
2.32	-3.557997558	-1.2380952381
2.325	-2.71794871795	-0.0561660561661
2.33	-1.24297924298	1.14041514042
2.335	0.485958485958	2.07326007326
2.34	2.11721611722	2.51282051282
2.345	3.24053724054	2.40048840049
2.35	3.64590964591	1.74114774115
2.355	3.19658119658	0.676434676435
2.36	2.04395604396	-0.544566544567
2.365	0.388278388278	-1.64346764347
2.37	-1.33577533578	-2.37606837607
2.375	-2.78632478632	-2.57631257631
2.38	-3.58241758242	-2.17582417582
2.385	-3.5873015873	-1.31623931624
2.39	-2.80586080586	-0.148962148962
2.395	-1.36507936508	1.0525030525
2.4	0.363858363858	2.02442002442
2.405	2.00976800977	2.50793650794
2.41	3.17704517705	2.43467643468
2.415	3.64590964591	1.80463980464
2.42	3.26007326007	0.759462759463
2.425	2.14652014652	-0.45177045177
2.43	0.529914529915	-1.57509157509
2.435	-1.20879120879	-2.34188034188
2.44	-2.69352869353	-2.5811965812
2.445	-3.54822954823	-2.22466422466
2.45	-3.61660561661	-1.39438339438
2.455	-2.88888888889	-0.236874236874
2.46	-1.49206349206	0.969474969475
2.465	0.227106227106	1.96092796093
2.47	1.89743589744	2.49328449328
2.475	3.12332112332	2.4590964591
2.48	3.64102564103	1.8778998779
2.485	3.32356532357	0.852258852259
2.49	2.24908424908	-0.35409035409
2.495	0.666666666667	-1.49694749695
2.5	-1.08669108669	-2.29792429792
2.505	-2.58608058608	-2.58608058608
2.51	-3.50427350427	-2.2735042735
2.515	-3.63614163614	-1.45787545788
2.52	-2.97191697192	-0.344322344322
2.525	-1.61904761905	0.891330891331
2.53	0.105006105006	1.90231990232
2.535	1.78021978022	2.47374847375
2.54	3.05494505495	2.48351648352
2.545	3.62637362637	1.92673992674
2.55	3.37240537241	0.940170940171
2.555	2.36141636142	-0.266178266178
2.56	0.783882783883	-1.4188034188
2.565	-0.949938949939	-2.25396825397
2.57	-2.49816849817	-2.59096459096
2.575	-3.4652014652	-2.31257631258
2.58	-3.65079365079	-1.54578754579
2.585	-3.05982905983	-0.42735042735
2.59	-1.73626373626	0.793650793651
2.595	-0.046398046398	1.83394383394
2.6	1.663003663	2.44444444444
2.605	2.96214896215	2.49816849817
2.61	3.60683760684	1.99511599512
2.615	3.42124542125	1.01831501832
2.62	2.45421245421	-0.168498168498
2.625	0.925518925519	-1.34554334554
2.63	-0.818070818071	-2.20024420024
2.635	-2.39072039072	-2.58608058608
2.64	-3.42124542125	-2.35653235653
2.645	-3.66056166056	-1.60927960928
2.65	-3.13308913309	-0.529914529915
2.655	-1.85347985348	0.700854700855
2.66	-0.173382173382	1.76068376068
2.665	1.54578754579	2.42002442002
2.67	2.88888888889	2.51282051282
2.675	3.58241758242	2.04884004884
2.68	3.4652014652	1.10622710623
2.685	2.55189255189	-0.0757020757021
2.69	1.05738705739	-1.26251526252
2.695	-0.691086691087	-2.1514041514
2.7	-2.28327228327	-2.57631257631
2.705	-3.37728937729	-2.40048840049
2.71	-3.66544566545	-1.67277167277
2.715	-3.20634920635	-0.617826617827
2.72	-1.98046398046	0.612942612943
2.725	-0.310134310134	1.69230769231
2.73	1.41391941392	2.3956043956
2.735	2.81074481074	2.52747252747
2.74	3.557997558	2.10744810745
2.745	3.50915750916	1.19902319902
2.75	2.64468864469	0.017094017094
2.755	1.19413919414	-1.16483516484
2.76	-0.544566544567	-2.09768009768
2.765	-2.17582417582	-2.55677655678
2.77	-3.30891330891	-2.43467643468
2.775	-3.67521367521	-1.74114774115
2.78	-3.26007326007	-0.715506715507
2.785	-2.09768009768	0.520146520147
2.79	-0.437118437118	1.62393162393
2.795	1.28205128205	2.35164835165
2.8	2.72771672772	2.54212454212
2.805	3.52869352869	2.15628815629
2.81	3.53846153846	1.28205128205
2.815	2.74236874237	0.10989010989
2.82	1.31623931624	-1.08180708181
2.825	-0.412698412698	-2.04395604396
2.83	-2.06837606838	-2.53724053724
2.835	-3.24542124542	-2.47863247863
2.84	-3.68498168498	-1.80952380952
2.845	-3.32356532357	-0.798534798535
2.85	-2.21001221001	0.422466422466
2.855	-0.573870573871	1.55067155067
2.86	1.15995115995	2.30769230769
2.865	2.63492063492	2.54700854701
2.87	3.49450549451	2.20512820513
2.875	3.56776556777	1.3601953602
2.88	2.83028083028	0.197802197802
2.885	1.43833943834	-0.998778998779
2.89	-0.271062271062	-1.98534798535
2.895	-1.95604395604	-2.52258852259
2.9	-3.17704517705	-2.49816849817
2.905	-3.67032967033	-1.8778998779
2.91	-3.38217338217	-0.886446886447
2.915	-2.31746031746	0.32967032967
2.92	-0.710622710623	1.47252747253
2.925	1.0231990232	2.26862026862
2.93	2.53724053724	2.54700854701
2.935	3.45543345543	2.2442002442
2.94	3.5873015873	1.43833943834
2.945	2.90842490842	0.295482295482
2.95	1.56043956044	-0.905982905983
2.955	-0.144078144078	-1.92673992674
2.96	-1.84371184371	-2.49816849817
2.965	-3.10866910867	-2.5177045177
2.97	-3.66056166056	-1.93650793651
2.975	-3.43101343101	-0.969474969475
2.98	-2.41025641026	0.236874236874
2.985	-0.842490842491	1.39926739927
2.99	0.905982905983	2.22466422466
2.995	2.43956043956	2.55189255189
3	3.41147741148	2.28815628816
3.005	3.60683760684	1.52136752137
3.01	2.99145299145	0.388278388278
3.015	1.68253968254	-0.818070818071
3.02	-0.00732600732601	-1.85347985348
3.025	-1.7264957265	-2.47374847375
3.03	-3.03052503053	-2.53724053724
3.035	-3.64102564103	-1.99511599512
3.04	-3.47496947497	-1.05738705739
3.045	-2.51282051282	0.139194139194
3.05	-0.969474969475	1.32112332112
3.055	0.774114774115	2.17582417582
3.06	2.336996337	2.54700854701
3.065	3.36263736264	2.32234432234
3.07	3.62148962149	1.59462759463
3.075	3.0695970696	0.47619047619
3.08	1.79975579976	-0.730158730159
3.085	0.119658119658	-1.78998778999
3.09	-1.59951159951	-2.44932844933
3.095	-2.95726495726	-2.55677655678
3.1	-3.63125763126	-2.05860805861
3.105	-3.52380952381	-1.14041514042
3.11	-2.6105006105	0.041514041514
3.115	-1.10622710623	1.2380952381
3.12	0.642246642247	2.12698412698
3.125	2.22954822955	2.54212454212
3.13	3.30891330891	2.36141636142
3.135	3.63125763126	1.663003663
3.14	3.13308913309	0.578754578755
3.145	1.9072039072	-0.642246642247
3.15	0.261294261294	-1.72161172161
3.155	-1.47252747253	-2.42002442002
3.16	-2.87423687424	-2.56654456654
3.165	-3.61172161172	-2.11721611722
3.17	-3.55311355311	-1.22344322344
3.175	-2.70818070818	-0.046398046398
3.18	-1.23321123321	1.15506715507
3.185	0.505494505495	2.06837606838
3.19	2.1221001221	2.53235653236
3.195	3.25030525031	2.3956043956
3.2	3.64102564103	1.73626373626
3.205	3.19658119658	0.661782661783
3.21	2.02442002442	-0.544566544567
3.215	0.388278388278	-1.65811965812
3.22	-1.35042735043	-2.37606837607
3.225	-2.78144078144	-2.57631257631
3.23	-3.57753357753	-2.17094017094
3.235	-3.5873015873	-1.30158730159
3.24	-2.80097680098	-0.144078144078
3.245	-1.36507936508	1.06715506716
3.25	0.37851037851	2.01465201465
3.255	2.01465201465	2.51282051282
3.26	3.19658119658	2.42490842491
3.265	3.64102564103	1.81440781441
3.27	3.26984126984	0.764346764347
3.275	2.13675213675	-0.45177045177
3.28	0.534798534799	-1.57509157509
3.285	-1.21855921856	-2.34188034188
3.29	-2.69352869353	-2.57631257631
3.295	-3.557997558	-2.22466422466
3.3	-3.61660561661	-1.37973137973
3.305	-2.88888888889	-0.246642246642
3.31	-1.49694749695	0.984126984127
3.315	0.236874236874	1.95604395604
3.32	1.89255189255	2.49328449328
3.325	3.12332112332	2.4590964591
3.33	3.63125763126	1.8778998779
3.335	3.32844932845	0.852258852259
3.34	2.25396825397	-0.358974358974
3.345	0.661782661783	-1.49694749695
3.35	-1.08669108669	-2.30280830281
3.355	-2.59584859585	-2.5811965812
3.36	-3.51404151404	-2.27838827839
3.365	-3.64102564103	-1.45787545788
3.37	-2.97191697192	-0.339438339438
3.375	-1.62393162393	0.881562881563
3.38	0.100122100122	1.89743589744
3.385	1.78021978022	2.46886446886
3.39	3.05006105006	2.47863247863
3.395	3.62148962149	1.92673992674
3.4	3.37240537241	0.940170940171
3.405	2.35653235653	-0.271062271062
3.41	0.793650793651	-1.41391941392
3.415	-0.945054945055	-2.25885225885
3.42	-2.50305250305	-2.58608058608
3.425	-3.4652014652	-2.31746031746
3.43	-3.66056166056	-1.53601953602
3.435	-3.05982905983	-0.432234432234
3.44	-1.74603174603	0.788766788767
3.445	-0.041514041514	1.82905982906
3.45	1.663003663	2.44444444444
3.455	2.96703296703	2.50793650794
3.46	3.60683760684	1.98534798535
3.465	3.42124542125	1.02808302808
3.47	2.46398046398	-0.168498168498
3.475	0.930402930403	-1.33577533578
3.48	-0.808302808303	-2.20512820513
3.485	-2.39072039072	-2.5811965812
3.49	-3.41636141636	-2.35653235653
3.495	-3.66056166056	-1.61416361416
3.5	-3.13797313797	-0.520146520147
3.505	-1.85836385836	0.695970695971
3.51	-0.178266178266	1.77045177045
3.515	1.5409035409	2.42002442002
3.52	2.884004884	2.52258852259
3.525	3.59218559219	2.05372405372
3.53	3.47008547009	1.115995116
3.535	2.56166056166	-0.0708180708181
3.54	1.06227106227	-1.25763125763
3.545	-0.681318681319	-2.14652014652
3.55	-2.28327228327	-2.57142857143
3.555	-3.36752136752	-2.3956043956
3.56	-3.67032967033	-1.67765567766
3.565	-3.21123321123	-0.622710622711
3.57	-1.98046398046	0.608058608059
3.575	-0.310134310134	1.69230769231
3.58	1.40903540904	2.39072039072
3.585	2.80586080586	2.52258852259
3.59	3.557997558	2.10744810745
3.595	3.50915750916	1.19413919414
3.6	2.64957264957	0.021978021978
3.605	1.19902319902	-1.16483516484
3.61	-0.544566544567	-2.09768009768
3.615	-2.17094017094	-2.55677655678
3.62	-3.30891330891	-2.43956043956
3.625	-3.6800976801	-1.74603174603
3.63	-3.26984126984	-0.720390720391
3.635	-2.09768009768	0.515262515263
3.64	-0.446886446886	1.62393162393
3.645	1.28205128205	2.34676434676
3.65	2.72283272283	2.54212454212
3.655	3.52869352869	2.1514041514
3.66	3.53846153846	1.28205128205
3.665	2.74725274725	0.10989010989
3.67	1.31623931624	-1.08180708181
3.675	-0.412698412698	-2.04395604396
3.68	-2.06349206349	-2.53724053724
3.685	-3.24542124542	-2.46886446886
3.69	-3.67521367521	-1.81440781441
3.695	-3.32844932845	-0.798534798535
3.7	-2.20512820513	0.412698412698
3.705	-0.583638583639	1.54578754579
3.71	1.15995115995	2.31257631258
3.715	2.61538461538	2.54212454212
3.72	3.49450549451	2.20512820513
3.725	3.56776556777	1.3601953602
3.73	2.83028083028	0.217338217338
3.735	1.44810744811	-0.998778998779
3.74	-0.275946275946	-1.98046398046
3.745	-1.94627594628	-2.52258852259
3.75	-3.18681318681	-2.49328449328
3.755	-3.67032967033	-1.8778998779
3.76	-3.38217338217	-0.896214896215
3.765	-2.31746031746	0.324786324786
3.77	-0.715506715507	1.46764346764
3.775	1.0231990232	2.27838827839
3.78	2.53724053724	2.55189255189
3.785	3.44566544567	2.24908424908
3.79	3.59706959707	1.44322344322
3.795	2.91330891331	0.300366300366
3.8	1.56532356532	-0.905982905983
3.805	-0.144078144078	-1.92185592186
3.81	-1.83394383394	-2.50305250305
3.815	-3.10866910867	-2.52258852259
3.82	-3.66056166056	-1.93162393162
3.825	-3.43101343101	-0.984126984127
3.83	-2.41514041514	0.236874236874
3.835	-0.837606837607	1.39438339438
3.84	0.896214896215	2.22954822955
3.845	2.43467643468	2.54700854701
3.85	3.41147741148	2.28815628816
3.855	3.61172161172	1.51648351648
3.86	2.99145299145	0.383394383394
3.865	1.67277167277	-0.818070818071
3.87	-0.00732600732601	-1.85836385836
3.875	-1.7264957265	-2.47863247863
3.88	-3.04029304029	-2.53724053724
3.885	-3.65079365079	-2
3.89	-3.47985347985	-1.05738705739
3.895	-2.50793650794	0.139194139194
3.9	-0.974358974359	1.32112332112
3.905	0.774114774115	2.17582417582
3.91	2.336996337	2.54212454212
3.915	3.36263736264	2.31746031746
3.92	3.61660561661	1.58974358974
3.925	3.05982905983	0.471306471306
3.93	1.7851037851	-0.735042735043
3.935	0.10989010989	-1.79487179487
3.94	-1.61416361416	-2.44932844933
3.945	-2.96703296703	-2.55189255189
3.95	-3.62637362637	-2.05860805861
3.955	-3.51892551893	-1.13064713065
3.96	-2.60073260073	0.0512820512821
3.965	-1.09157509158	1.24786324786
3.97	0.656898656899	2.13186813187
3.975	2.23931623932	2.54212454212
3.98	3.31868131868	2.35653235653
3.985	3.63614163614	1.65811965812
3.99	3.12820512821	0.559218559219
3.995	1.89743589744	-0.652014652015
4	0.241758241758	-1.7264957265
4.005	-1.49694749695	-2.42002442002
4.01	-2.87912087912	-2.56654456654
4.015	-3.61660561661	-2.10744810745
4.02	-3.55311355311	-1.21367521368
4.025	-2.68864468864	-0.03663003663
4.03	-1.20879120879	1.16971916972
4.035	0.529914529915	2.08302808303
4.04	2.14163614164	2.53235653236
4.045	3.26495726496	2.39072039072
4.05	3.64102564103	1.72161172161
4.055	3.18681318681	0.652014652015
4.06	2	-0.568986568987
4.065	0.358974358974	-1.663003663
4.07	-1.37973137973	-2.39072039072
4.075	-2.80586080586	-2.57142857143
4.08	-3.58241758242	-2.16117216117
4.085	-3.58241758242	-1.28693528694
4.09	-2.77167277167	-0.124542124542
4.095	-1.33089133089	1.09157509158
4.1	0.412698412698	2.03418803419
4.105	2.04395604396	2.5177045177
4.11	3.21123321123	2.42979242979
4.115	3.64102564103	1.7851037851
4.12	3.24542124542	0.735042735043
4.125	2.10256410256	-0.485958485958
4.13	0.481074481074	-1.59951159951
4.135	-1.26251526252	-2.35653235653
4.14	-2.72771672772	-2.5811965812
4.145	-3.557997558	-2.21001221001
4.15	-3.60683760684	-1.35531135531
4.155	-2.8547008547	-0.202686202686
4.16	-1.44810744811	1.01343101343
4.165	0.285714285714	1.98534798535
4.17	1.94627594628	2.49816849817
4.175	3.15262515263	2.44932844933
4.18	3.64102564103	1.83882783883
4.185	3.28937728938	0.813186813187
4.19	2.20512820513	-0.40293040293
4.195	0.593406593407	-1.53601953602
4.2	-1.1452991453	-2.31746031746
4.205	-2.64468864469	-2.58608058608
4.21	-3.52869352869	-2.2442002442
4.215	-3.62637362637	-1.42857142857
4.22	-2.93284493284	-0.285714285714
4.225	-1.55067155067	0.925518925519
4.23	0.168498168498	1.93650793651
4.235	1.8485958486	2.48351648352
4.24	3.08424908425	2.46886446886
4.245	3.63614163614	1.90231990232
4.25	3.3431013431	0.886446886447
4.255	2.29304029304	-0.315018315018
4.26	0.715506715507	-1.47741147741
4.265	-1.03785103785	-2.28327228327
4.27	-2.55677655678	-2.5811965812
4.275	-3.49938949939	-2.28815628816
4.28	-3.64102564103	-1.4822954823
4.285	-3.00610500611	-0.373626373626
4.29	-1.65323565324	0.862026862027
4.295	0.0512820512821	1.86813186813
4.3	1.74603174603	2.47374847375
4.305	3.03052503053	2.4884004884
4.31	3.61660561661	1.95115995116
4.315	3.39194139194	0.964590964591
4.32	2.38095238095	-0.241758241758
4.325	0.832722832723	-1.39926739927
4.33	-0.920634920635	-2.23931623932
4.335	-2.47374847375	-2.5811965812
4.34	-3.46031746032	-2.32722832723
4.345	-3.65567765568	-1.5409035409
4.35	-3.06471306471	-0.45177045177
4.355	-1.76068376068	0.783882783883
4.36	-0.0512820512821	1.81929181929
4.365	1.64346764347	2.44444444444
4.37	2.96703296703	2.50305250305
4.375	3.59706959707	1.99511599512
4.38	3.42612942613	1.02808302808
4.385	2.46398046398	-0.163614163614
4.39	0.930402930403	-1.33089133089
4.395	-0.818070818071	-2.20512820513
4.4	-2.39072039072	-2.57631257631
4.405	-3.42124542125	-2.37118437118
4.41	-3.66544566545	-1.6043956044
4.415	-3.12820512821	-0.529914529915
4.42	-1.85836385836	0.710622710623
4.425	-0.168498168498	1.76068376068
4.43	1.5409035409	2.42490842491
4.435	2.90354090354	2.5177045177
4.44	3.58241758242	2.04395604396
4.445	3.46031746032	1.10134310134
4.45	2.53235653236	-0.0903540903541
4.455	1.03785103785	-1.2673992674
4.46	-0.710622710623	-2.16605616606
4.465	-2.30769230769	-2.57142857143
4.47	-3.37728937729	-2.3956043956
4.475	-3.67032967033	-1.65811965812
4.48	-3.18192918193	-0.608058608059
4.485	-1.94627594628	0.637362637363
4.49	-0.266178266178	1.71184371184
4.495	1.44810744811	2.40048840049
4.5	2.83516483516	2.52747252747
4.505	3.56288156288	2.08791208791
4.51	3.49938949939	1.16971916972
4.515	2.6105006105	-0.01221001221
4.52	1.14041514042	-1.20390720391
4.525	-0.612942612943	-2.1221001221
4.53	-2.21978021978	-2.56166056166
4.535	-3.33333333333	-2.41514041514
4.54	-3.67032967033	-1.71184371184
4.545	-3.23565323565	-0.671550671551
4.55	-2.03418803419	0.568986568987
4.555	-0.373626373626	1.65811965812
4.56	1.3601953602	2.37606837607
4.565	2.77655677656	2.53235653236
4.57	3.54334554335	2.13675213675
4.575	3.51892551893	1.22344322344
4.58	2.67887667888	0.0561660561661
4.585	1.23321123321	-1.13553113553
4.59	-0.510378510379	-2.07814407814
4.595	-2.14163614164	-2.55189255189
4.6	-3.29914529915	-2.44444444444
4.605	-3.67521367521	-1.76556776557
4.61	-3.27960927961	-0.735042735043
4.615	-2.11721611722	0.495726495726
4.62	-0.466422466422	1.6043956044
4.625	1.25763125763	2.34676434676
4.63	2.70818070818	2.54212454212
4.635	3.51404151404	2.16605616606
4.64	3.54334554335	1.29181929182
4.645	2.74236874237	0.119658119658
4.65	1.33089133089	-1.07692307692
4.655	-0.407814407814	-2.04395604396
4.66	-2.06349206349	-2.54212454212
4.665	-3.25030525031	-2.46886446886
4.67	-3.6800976801	-1.81440781441
4.675	-3.32844932845	-0.808302808303
4.68	-2.20024420024	0.42735042735
4.685	-0.568986568987	1.54578754579
4.69	1.16483516484	2.31746031746
4.695	2.6398046398	2.54700854701
4.7	3.48962148962	2.19536019536
4.705	3.557997558	1.35042735043
4.71	2.81074481074	0.18315018315
4.715	1.41391941392	-1.01343101343
4.72	-0.310134310134	-2.00488400488
4.725	-1.98534798535	-2.52747252747
4.73	-3.20146520147	-2.49328449328
4.735	-3.67521367521	-1.85836385836
4.74	-3.36263736264	-0.871794871795
4.745	-2.27838827839	0.358974358974
4.75	-0.656898656899	1.50183150183
4.755	1.07692307692	2.28815628816
4.76	2.5811965812	2.55189255189
4.765	3.47008547009	2.22954822955
4.77	3.57753357753	1.40903540904
4.775	2.87423687424	0.251526251526
4.78	1.49694749695	-0.949938949939
4.785	-0.222222222222	-1.96092796093
4.79	-1.9072039072	-2.5177045177
4.795	-3.15262515263	-2.50305250305
4.8	-3.66056166056	-1.90231990232
4.805	-3.40170940171	-0.920634920635
4.81	-2.34188034188	0.295482295482
4.815	-0.754578754579	1.46275946276
4.82	0.998778998779	2.25885225885
4.825	2.50793650794	2.55189255189
4.83	3.44566544567	2.25885225885
4.835	3.59706959707	1.45787545788
4.84	2.92796092796	0.319902319902
4.845	1.57509157509	-0.901098901099
4.85	-0.129426129426	-1.91208791209
4.855	-1.82417582418	-2.51282051282
4.86	-3.11355311355	-2.5177045177
4.865	-3.65079365079	-1.94139194139
4.87	-3.43101343101	-0.984126984127
4.875	-2.41025641026	0.241758241758
4.88	-0.832722832723	1.3894993895
4.885	0.905982905983	2.23443223443
4.89	2.44932844933	2.54212454212
4.895	3.41147741148	2.28815628816
4.9	3.60683760684	1.50671550672
4.905	2.96703296703	0.37851037851
4.91	1.65323565324	-0.837606837607
4.915	-0.0561660561661	-1.8778998779
4.92	-1.74603174603	-2.48351648352
4.925	-3.06471306471	-2.53724053724
4.93	-3.65079365079	-1.98046398046
4.935	-3.4652014652	-1.03785103785
4.94	-2.47374847375	0.18315018315
4.945	-0.920634920635	1.34554334554
4.95	0.827838827839	2.21001221001
4.955	2.38583638584	2.53724053724
4.96	3.38217338217	2.31746031746
4.965	3.61660561661	1.55067155067
4.97	3.01587301587	0.432234432234
4.975	1.73626373626	-0.783882783883
4.98	0.03663003663	-1.83394383394
4.985	-1.67277167277	-2.47374847375
4.99	-3.01098901099	-2.54700854701
4.995	-3.64102564103	-2.01953601954
5	-3.48962148962	-1.09157509158
