336.256	-0.12	336.256	0.12	336.256	0.07	336.256	0.07	336.256	0.1	336.256	-0.01	
336.714	-0.1	336.714	0.12	336.714	0.1	336.714	0.07	336.714	0.11	336.714	0	
337.171	-0.1	337.171	0.13	337.171	0.1	337.171	0.07	337.171	0.11	337.171	0	
337.628	-0.09	337.628	0.15	337.628	0.1	337.628	0.07	337.628	0.11	337.628	0.02	
338.086	-0.09	338.086	0.13	338.086	0.09	338.086	0.06	338.086	0.11	338.086	0.02	
338.543	-0.09	338.543	0.12	338.543	0.08	338.543	0.05	338.543	0.11	338.543	0.03	
339.001	-0.1	339.001	0.11	339.001	0.08	339.001	0.05	339.001	0.09	339.001	0.02	
339.458	-0.1	339.458	0.1	339.458	0.08	339.458	0.03	339.458	0.07	339.458	0.02	
339.916	-0.09	339.916	0.1	339.916	0.07	339.916	0.03	339.916	0.06	339.916	0.01	
340.373	-0.08	340.373	0.1	340.373	0.07	340.373	0.02	340.373	0.05	340.373	0.01	
340.831	-0.08	340.831	0.12	340.831	0.06	340.831	0.04	340.831	0.07	340.831	0.03	
341.289	-0.09	341.289	0.12	341.289	0.06	341.289	0.03	341.289	0.05	341.289	0.02	
341.746	-0.09	341.746	0.1	341.746	0.04	341.746	0.03	341.746	0.04	341.746	0.01	
342.204	-0.08	342.204	0.1	342.204	0.05	342.204	0.04	342.204	0.05	342.204	0.02	
342.662	-0.08	342.662	0.09	342.662	0.05	342.662	0.05	342.662	0.06	342.662	0.02	
343.12	-0.08	343.12	0.11	343.12	0.06	343.12	0.06	343.12	0.08	343.12	0.03	
343.578	-0.07	343.578	0.12	343.578	0.07	343.578	0.07	343.578	0.08	343.578	0.03	
344.035	-0.06	344.035	0.13	344.035	0.08	344.035	0.08	344.035	0.1	344.035	0.04	
344.493	-0.05	344.493	0.14	344.493	0.08	344.493	0.08	344.493	0.1	344.493	0.04	
344.951	-0.04	344.951	0.16	344.951	0.09	344.951	0.09	344.951	0.12	344.951	0.06	
345.409	-0.05	345.409	0.16	345.409	0.09	345.409	0.1	345.409	0.11	345.409	0.07	
345.867	-0.06	345.867	0.15	345.867	0.09	345.867	0.08	345.867	0.12	345.867	0.06	
346.325	-0.04	346.325	0.14	346.325	0.09	346.325	0.09	346.325	0.12	346.325	0.06	
346.784	-0.05	346.784	0.14	346.784	0.09	346.784	0.09	346.784	0.11	346.784	0.06	
347.242	-0.05	347.242	0.14	347.242	0.09	347.242	0.09	347.242	0.11	347.242	0.05	
347.7	-0.06	347.7	0.14	347.7	0.09	347.7	0.08	347.7	0.1	347.7	0.05	
348.158	-0.06	348.158	0.12	348.158	0.08	348.158	0.06	348.158	0.07	348.158	0.04	
348.616	-0.07	348.616	0.11	348.616	0.07	348.616	0.05	348.616	0.05	348.616	0.04	
349.075	-0.07	349.075	0.11	349.075	0.06	349.075	0.05	349.075	0.05	349.075	0.04	
349.533	-0.08	349.533	0.11	349.533	0.07	349.533	0.04	349.533	0.05	349.533	0.03	
349.992	-0.09	349.992	0.09	349.992	0.06	349.992	0.04	349.992	0.05	349.992	0.03	
350.45	-0.08	350.45	0.07	350.45	0.06	350.45	0.03	350.45	0.05	350.45	0.02	
350.908	-0.08	350.908	0.06	350.908	0.05	350.908	0.04	350.908	0.04	350.908	0.01	
351.367	-0.08	351.367	0.07	351.367	0.06	351.367	0.04	351.367	0.04	351.367	0.01	
351.825	-0.08	351.825	0.07	351.825	0.06	351.825	0.03	351.825	0.04	351.825	0.02	
352.284	-0.08	352.284	0.07	352.284	0.06	352.284	0.03	352.284	0.04	352.284	0.02	
352.743	-0.08	352.743	0.08	352.743	0.06	352.743	0.03	352.743	0.03	352.743	0.01	
353.201	-0.07	353.201	0.08	353.201	0.07	353.201	0.04	353.201	0.04	353.201	0	
353.66	-0.07	353.66	0.07	353.66	0.06	353.66	0.05	353.66	0.05	353.66	0	
354.119	-0.07	354.119	0.07	354.119	0.06	354.119	0.04	354.119	0.05	354.119	-0.01	
354.577	-0.07	354.577	0.06	354.577	0.05	354.577	0.04	354.577	0.04	354.577	0	
355.036	-0.06	355.036	0.07	355.036	0.06	355.036	0.04	355.036	0.04	355.036	0	
355.495	-0.05	355.495	0.08	355.495	0.07	355.495	0.04	355.495	0.05	355.495	0.01	
355.954	-0.06	355.954	0.08	355.954	0.07	355.954	0.04	355.954	0.06	355.954	0	
356.413	-0.06	356.413	0.08	356.413	0.06	356.413	0.04	356.413	0.05	356.413	0.01	
356.872	-0.06	356.872	0.07	356.872	0.07	356.872	0.04	356.872	0.05	356.872	0.01	
357.331	-0.06	357.331	0.08	357.331	0.07	357.331	0.03	357.331	0.05	357.331	0	
357.79	-0.07	357.79	0.06	357.79	0.06	357.79	0.03	357.79	0.05	357.79	0	
358.249	-0.08	358.249	0.06	358.249	0.06	358.249	0.02	358.249	0.05	358.249	0.01	
358.708	-0.08	358.708	0.07	358.708	0.07	358.708	0.02	358.708	0.05	358.708	0.01	
359.167	-0.08	359.167	0.07	359.167	0.06	359.167	0.02	359.167	0.04	359.167	0.01	
359.626	-0.07	359.626	0.08	359.626	0.07	359.626	0.03	359.626	0.05	359.626	0.01	
360.085	-0.07	360.085	0.08	360.085	0.07	360.085	0.02	360.085	0.05	360.085	0.02	
360.545	-0.07	360.545	0.07	360.545	0.06	360.545	0.03	360.545	0.05	360.545	0.02	
361.004	-0.07	361.004	0.07	361.004	0.06	361.004	0.02	361.004	0.05	361.004	0.03	
361.463	-0.08	361.463	0.06	361.463	0.05	361.463	0.02	361.463	0.05	361.463	0.02	
361.923	-0.07	361.923	0.07	361.923	0.05	361.923	0.02	361.923	0.05	361.923	0.02	
362.382	-0.08	362.382	0.06	362.382	0.04	362.382	0.02	362.382	0.04	362.382	0.02	
362.842	-0.07	362.842	0.06	362.842	0.04	362.842	0.02	362.842	0.04	362.842	0.03	
363.301	-0.06	363.301	0.06	363.301	0.04	363.301	0.02	363.301	0.04	363.301	0.03	
363.76	-0.07	363.76	0.06	363.76	0.04	363.76	0.02	363.76	0.04	363.76	0.02	
364.22	-0.07	364.22	0.06	364.22	0.04	364.22	0.02	364.22	0.05	364.22	0.02	
364.68	-0.08	364.68	0.05	364.68	0.03	364.68	0.01	364.68	0.03	364.68	0.01	
365.139	-0.08	365.139	0.05	365.139	0.03	365.139	0.01	365.139	0.04	365.139	0.01	
365.599	-0.08	365.599	0.06	365.599	0.03	365.599	0.01	365.599	0.03	365.599	0.01	
366.059	-0.08	366.059	0.06	366.059	0.03	366.059	0.01	366.059	0.03	366.059	0.01	
366.518	-0.09	366.518	0.06	366.518	0.04	366.518	0.01	366.518	0.03	366.518	0.01	
366.978	-0.09	366.978	0.06	366.978	0.03	366.978	0	366.978	0.03	366.978	0	
367.438	-0.08	367.438	0.07	367.438	0.04	367.438	0.01	367.438	0.04	367.438	0.01	
367.898	-0.08	367.898	0.07	367.898	0.04	367.898	0.01	367.898	0.04	367.898	-0	
368.358	-0.09	368.358	0.07	368.358	0.04	368.358	0	368.358	0.03	368.358	-0	
368.818	-0.09	368.818	0.07	368.818	0.05	368.818	0	368.818	0.04	368.818	-0	
369.278	-0.09	369.278	0.07	369.278	0.05	369.278	0.01	369.278	0.04	369.278	0	
369.737	-0.09	369.737	0.07	369.737	0.05	369.737	0	369.737	0.04	369.737	0.01	
370.198	-0.08	370.198	0.08	370.198	0.06	370.198	0.01	370.198	0.04	370.198	0.01	
370.658	-0.08	370.658	0.08	370.658	0.06	370.658	0.01	370.658	0.04	370.658	0.01	
371.118	-0.08	371.118	0.08	371.118	0.06	371.118	0.01	371.118	0.05	371.118	0.01	
371.578	-0.08	371.578	0.08	371.578	0.06	371.578	0	371.578	0.04	371.578	0.01	
372.038	-0.07	372.038	0.08	372.038	0.06	372.038	0.01	372.038	0.04	372.038	0.02	
372.498	-0.08	372.498	0.08	372.498	0.06	372.498	0	372.498	0.04	372.498	0.01	
372.959	-0.08	372.959	0.08	372.959	0.06	372.959	0	372.959	0.05	372.959	0.02	
373.419	-0.07	373.419	0.08	373.419	0.06	373.419	0.01	373.419	0.05	373.419	0.02	
373.879	-0.07	373.879	0.08	373.879	0.05	373.879	0	373.879	0.05	373.879	0.02	
374.339	-0.07	374.339	0.08	374.339	0.06	374.339	0	374.339	0.05	374.339	0.02	
374.8	-0.07	374.8	0.08	374.8	0.06	374.8	0.01	374.8	0.05	374.8	0.02	
375.26	-0.08	375.26	0.08	375.26	0.05	375.26	0	375.26	0.04	375.26	0.02	
375.721	-0.07	375.721	0.08	375.721	0.06	375.721	0.01	375.721	0.04	375.721	0.02	
376.181	-0.07	376.181	0.09	376.181	0.06	376.181	0.01	376.181	0.05	376.181	0.02	
376.642	-0.07	376.642	0.09	376.642	0.06	376.642	0.02	376.642	0.05	376.642	0.02	
377.102	-0.07	377.102	0.09	377.102	0.06	377.102	0.02	377.102	0.05	377.102	0.03	
377.563	-0.07	377.563	0.1	377.563	0.07	377.563	0.02	377.563	0.05	377.563	0.03	
378.024	-0.07	378.024	0.1	378.024	0.07	378.024	0.02	378.024	0.05	378.024	0.03	
378.484	-0.07	378.484	0.1	378.484	0.07	378.484	0.02	378.484	0.05	378.484	0.03	
378.945	-0.07	378.945	0.1	378.945	0.08	378.945	0.02	378.945	0.05	378.945	0.03	
379.406	-0.07	379.406	0.1	379.406	0.08	379.406	0.02	379.406	0.05	379.406	0.03	
379.867	-0.07	379.867	0.1	379.867	0.08	379.867	0.02	379.867	0.05	379.867	0.03	
380.328	-0.07	380.328	0.1	380.328	0.08	380.328	0.02	380.328	0.05	380.328	0.02	
380.789	-0.07	380.789	0.1	380.789	0.07	380.789	0.01	380.789	0.05	380.789	0.02	
381.249	-0.08	381.249	0.1	381.249	0.07	381.249	0.01	381.249	0.05	381.249	0.02	
381.71	-0.08	381.71	0.1	381.71	0.08	381.71	0.01	381.71	0.05	381.71	0.02	
382.171	-0.08	382.171	0.1	382.171	0.08	382.171	0.01	382.171	0.06	382.171	0.02	
382.632	-0.08	382.632	0.1	382.632	0.07	382.632	0.01	382.632	0.05	382.632	0.02	
383.094	-0.08	383.094	0.1	383.094	0.07	383.094	0.01	383.094	0.05	383.094	0.02	
383.555	-0.08	383.555	0.1	383.555	0.07	383.555	0.01	383.555	0.05	383.555	0.02	
384.016	-0.08	384.016	0.1	384.016	0.07	384.016	0.01	384.016	0.05	384.016	0.02	
384.477	-0.08	384.477	0.11	384.477	0.08	384.477	0.01	384.477	0.06	384.477	0.02	
384.938	-0.08	384.938	0.11	384.938	0.08	384.938	0	384.938	0.06	384.938	0.02	
385.399	-0.08	385.399	0.11	385.399	0.08	385.399	0	385.399	0.06	385.399	0.02	
385.861	-0.08	385.861	0.11	385.861	0.08	385.861	0	385.861	0.06	385.861	0.03	
386.322	-0.08	386.322	0.11	386.322	0.08	386.322	0	386.322	0.05	386.322	0.02	
386.783	-0.08	386.783	0.11	386.783	0.08	386.783	0	386.783	0.05	386.783	0.02	
387.245	-0.08	387.245	0.11	387.245	0.08	387.245	0	387.245	0.05	387.245	0.02	
387.706	-0.08	387.706	0.12	387.706	0.08	387.706	0	387.706	0.06	387.706	0.02	
388.168	-0.08	388.168	0.12	388.168	0.08	388.168	0	388.168	0.06	388.168	0.02	
388.629	-0.08	388.629	0.12	388.629	0.08	388.629	0	388.629	0.06	388.629	0.02	
389.091	-0.08	389.091	0.12	389.091	0.08	389.091	0	389.091	0.06	389.091	0.02	
389.553	-0.08	389.553	0.12	389.553	0.08	389.553	0.01	389.553	0.06	389.553	0.02	
390.014	-0.08	390.014	0.12	390.014	0.09	390.014	0.01	390.014	0.06	390.014	0.03	
390.476	-0.08	390.476	0.12	390.476	0.08	390.476	0.01	390.476	0.06	390.476	0.03	
390.938	-0.08	390.938	0.12	390.938	0.08	390.938	0.01	390.938	0.06	390.938	0.03	
391.399	-0.08	391.399	0.13	391.399	0.08	391.399	0.01	391.399	0.06	391.399	0.03	
391.861	-0.08	391.861	0.13	391.861	0.09	391.861	0.01	391.861	0.06	391.861	0.03	
392.323	-0.08	392.323	0.13	392.323	0.09	392.323	0.01	392.323	0.06	392.323	0.03	
392.785	-0.08	392.785	0.13	392.785	0.09	392.785	0	392.785	0.06	392.785	0.03	
393.247	-0.08	393.247	0.13	393.247	0.09	393.247	0	393.247	0.06	393.247	0.03	
393.709	-0.08	393.709	0.13	393.709	0.09	393.709	0	393.709	0.06	393.709	0.03	
394.17	-0.08	394.17	0.13	394.17	0.09	394.17	0	394.17	0.06	394.17	0.03	
394.633	-0.08	394.633	0.13	394.633	0.1	394.633	0.01	394.633	0.06	394.633	0.03	
395.095	-0.08	395.095	0.13	395.095	0.1	395.095	0.01	395.095	0.06	395.095	0.03	
395.557	-0.08	395.557	0.14	395.557	0.1	395.557	0.01	395.557	0.07	395.557	0.03	
396.019	-0.08	396.019	0.14	396.019	0.1	396.019	0.01	396.019	0.07	396.019	0.03	
396.481	-0.08	396.481	0.14	396.481	0.1	396.481	0.01	396.481	0.07	396.481	0.03	
396.943	-0.08	396.943	0.14	396.943	0.1	396.943	0.01	396.943	0.07	396.943	0.04	
397.405	-0.08	397.405	0.14	397.405	0.1	397.405	0.01	397.405	0.07	397.405	0.04	
397.868	-0.08	397.868	0.15	397.868	0.1	397.868	0.01	397.868	0.07	397.868	0.04	
398.33	-0.08	398.33	0.15	398.33	0.11	398.33	0.01	398.33	0.08	398.33	0.04	
398.792	-0.08	398.792	0.15	398.792	0.11	398.792	0.01	398.792	0.08	398.792	0.04	
399.255	-0.08	399.255	0.16	399.255	0.11	399.255	0.01	399.255	0.08	399.255	0.04	
399.717	-0.08	399.717	0.16	399.717	0.11	399.717	0.01	399.717	0.08	399.717	0.04	
400.179	-0.08	400.179	0.16	400.179	0.11	400.179	0.01	400.179	0.08	400.179	0.04	
400.642	-0.08	400.642	0.17	400.642	0.11	400.642	0.01	400.642	0.08	400.642	0.04	
401.104	-0.08	401.104	0.17	401.104	0.11	401.104	0.01	401.104	0.08	401.104	0.04	
401.567	-0.08	401.567	0.17	401.567	0.11	401.567	0.01	401.567	0.08	401.567	0.04	
402.03	-0.08	402.03	0.17	402.03	0.12	402.03	0.01	402.03	0.08	402.03	0.05	
402.492	-0.08	402.492	0.17	402.492	0.12	402.492	0.01	402.492	0.08	402.492	0.05	
402.955	-0.08	402.955	0.18	402.955	0.12	402.955	0.02	402.955	0.09	402.955	0.05	
403.418	-0.08	403.418	0.18	403.418	0.12	403.418	0.02	403.418	0.09	403.418	0.05	
403.88	-0.08	403.88	0.18	403.88	0.13	403.88	0.02	403.88	0.09	403.88	0.05	
404.343	-0.08	404.343	0.18	404.343	0.13	404.343	0.02	404.343	0.09	404.343	0.05	
404.806	-0.08	404.806	0.18	404.806	0.13	404.806	0.02	404.806	0.09	404.806	0.05	
405.269	-0.08	405.269	0.18	405.269	0.13	405.269	0.02	405.269	0.09	405.269	0.05	
405.732	-0.08	405.732	0.19	405.732	0.13	405.732	0.02	405.732	0.09	405.732	0.05	
406.195	-0.08	406.195	0.19	406.195	0.13	406.195	0.02	406.195	0.09	406.195	0.05	
406.658	-0.08	406.658	0.19	406.658	0.13	406.658	0.02	406.658	0.09	406.658	0.05	
407.121	-0.08	407.121	0.19	407.121	0.13	407.121	0.02	407.121	0.09	407.121	0.05	
407.584	-0.08	407.584	0.19	407.584	0.13	407.584	0.02	407.584	0.09	407.584	0.05	
408.047	-0.08	408.047	0.19	408.047	0.13	408.047	0.02	408.047	0.09	408.047	0.05	
408.51	-0.08	408.51	0.19	408.51	0.13	408.51	0.02	408.51	0.09	408.51	0.05	
408.973	-0.08	408.973	0.19	408.973	0.13	408.973	0.02	408.973	0.09	408.973	0.05	
409.436	-0.08	409.436	0.19	409.436	0.13	409.436	0.02	409.436	0.09	409.436	0.05	
409.899	-0.08	409.899	0.18	409.899	0.13	409.899	0.01	409.899	0.09	409.899	0.05	
410.363	-0.08	410.363	0.18	410.363	0.13	410.363	0.01	410.363	0.09	410.363	0.05	
410.826	-0.08	410.826	0.18	410.826	0.13	410.826	0.01	410.826	0.09	410.826	0.05	
411.289	-0.08	411.289	0.18	411.289	0.12	411.289	0.01	411.289	0.09	411.289	0.05	
411.753	-0.08	411.753	0.17	411.753	0.12	411.753	0.01	411.753	0.09	411.753	0.05	
412.216	-0.08	412.216	0.17	412.216	0.12	412.216	0.01	412.216	0.09	412.216	0.05	
412.68	-0.08	412.68	0.17	412.68	0.12	412.68	0.01	412.68	0.09	412.68	0.04	
413.143	-0.08	413.143	0.17	413.143	0.12	413.143	0.01	413.143	0.08	413.143	0.04	
413.607	-0.08	413.607	0.16	413.607	0.12	413.607	0.01	413.607	0.08	413.607	0.04	
414.07	-0.08	414.07	0.16	414.07	0.11	414.07	0.01	414.07	0.08	414.07	0.04	
414.534	-0.08	414.534	0.15	414.534	0.11	414.534	0.01	414.534	0.08	414.534	0.04	
414.997	-0.08	414.997	0.15	414.997	0.11	414.997	0.01	414.997	0.08	414.997	0.04	
415.461	-0.08	415.461	0.15	415.461	0.1	415.461	0.01	415.461	0.07	415.461	0.04	
415.925	-0.08	415.925	0.14	415.925	0.1	415.925	0.01	415.925	0.08	415.925	0.04	
416.388	-0.08	416.388	0.14	416.388	0.1	416.388	0.01	416.388	0.07	416.388	0.04	
416.852	-0.08	416.852	0.14	416.852	0.1	416.852	0.01	416.852	0.07	416.852	0.04	
417.316	-0.08	417.316	0.14	417.316	0.1	417.316	0.01	417.316	0.07	417.316	0.03	
417.78	-0.08	417.78	0.13	417.78	0.09	417.78	0.01	417.78	0.07	417.78	0.03	
418.244	-0.08	418.244	0.13	418.244	0.09	418.244	0.01	418.244	0.07	418.244	0.03	
418.708	-0.08	418.708	0.12	418.708	0.09	418.708	0.01	418.708	0.06	418.708	0.03	
419.172	-0.08	419.172	0.12	419.172	0.09	419.172	0.01	419.172	0.06	419.172	0.03	
419.636	-0.08	419.636	0.12	419.636	0.08	419.636	0	419.636	0.06	419.636	0.03	
420.1	-0.08	420.1	0.11	420.1	0.08	420.1	0	420.1	0.06	420.1	0.03	
420.564	-0.08	420.564	0.11	420.564	0.08	420.564	0	420.564	0.06	420.564	0.03	
421.028	-0.08	421.028	0.1	421.028	0.07	421.028	0	421.028	0.05	421.028	0.02	
421.492	-0.08	421.492	0.1	421.492	0.07	421.492	0	421.492	0.05	421.492	0.02	
421.956	-0.08	421.956	0.09	421.956	0.07	421.956	0	421.956	0.05	421.956	0.02	
422.421	-0.08	422.421	0.09	422.421	0.06	422.421	0	422.421	0.05	422.421	0.02	
422.885	-0.08	422.885	0.09	422.885	0.06	422.885	-0	422.885	0.05	422.885	0.02	
423.349	-0.08	423.349	0.08	423.349	0.06	423.349	-0	423.349	0.04	423.349	0.02	
423.813	-0.08	423.813	0.08	423.813	0.06	423.813	-0	423.813	0.04	423.813	0.02	
424.278	-0.08	424.278	0.07	424.278	0.05	424.278	-0	424.278	0.04	424.278	0.02	
424.742	-0.08	424.742	0.07	424.742	0.05	424.742	-0	424.742	0.04	424.742	0.01	
425.207	-0.08	425.207	0.07	425.207	0.05	425.207	-0	425.207	0.04	425.207	0.01	
425.671	-0.08	425.671	0.06	425.671	0.05	425.671	-0	425.671	0.03	425.671	0.01	
426.136	-0.08	426.136	0.06	426.136	0.04	426.136	-0	426.136	0.03	426.136	0.01	
426.6	-0.08	426.6	0.06	426.6	0.04	426.6	-0.01	426.6	0.03	426.6	0.01	
427.065	-0.08	427.065	0.06	427.065	0.04	427.065	-0.01	427.065	0.03	427.065	0.01	
427.529	-0.08	427.529	0.05	427.529	0.04	427.529	-0.01	427.529	0.03	427.529	0.01	
427.994	-0.08	427.994	0.05	427.994	0.04	427.994	-0.01	427.994	0.03	427.994	0.01	
428.459	-0.08	428.459	0.05	428.459	0.03	428.459	-0.01	428.459	0.03	428.459	0.01	
428.924	-0.08	428.924	0.05	428.924	0.03	428.924	-0.01	428.924	0.03	428.924	0	
429.388	-0.08	429.388	0.04	429.388	0.03	429.388	-0.01	429.388	0.03	429.388	0	
429.853	-0.08	429.853	0.04	429.853	0.03	429.853	-0.01	429.853	0.03	429.853	0	
430.318	-0.08	430.318	0.04	430.318	0.03	430.318	-0.01	430.318	0.02	430.318	0	
430.783	-0.08	430.783	0.04	430.783	0.03	430.783	-0.01	430.783	0.02	430.783	0	
431.248	-0.08	431.248	0.04	431.248	0.03	431.248	-0.01	431.248	0.02	431.248	0	
431.713	-0.08	431.713	0.03	431.713	0.03	431.713	-0.01	431.713	0.02	431.713	0	
432.178	-0.08	432.178	0.03	432.178	0.03	432.178	-0.01	432.178	0.02	432.178	0	
432.643	-0.08	432.643	0.03	432.643	0.02	432.643	-0.01	432.643	0.02	432.643	0	
433.108	-0.08	433.108	0.03	433.108	0.02	433.108	-0.01	433.108	0.02	433.108	0	
433.573	-0.08	433.573	0.03	433.573	0.02	433.573	-0.01	433.573	0.02	433.573	0	
434.038	-0.08	434.038	0.02	434.038	0.02	434.038	-0.01	434.038	0.02	434.038	0	
434.503	-0.08	434.503	0.02	434.503	0.02	434.503	-0.01	434.503	0.02	434.503	-0	
434.968	-0.08	434.968	0.02	434.968	0.02	434.968	-0.01	434.968	0.02	434.968	-0	
435.434	-0.08	435.434	0.02	435.434	0.02	435.434	-0.01	435.434	0.02	435.434	-0	
435.899	-0.08	435.899	0.02	435.899	0.02	435.899	-0.01	435.899	0.02	435.899	-0	
436.364	-0.08	436.364	0.02	436.364	0.02	436.364	-0.01	436.364	0.02	436.364	-0	
436.83	-0.08	436.83	0.02	436.83	0.02	436.83	-0.01	436.83	0.02	436.83	-0	
437.295	-0.08	437.295	0.02	437.295	0.01	437.295	-0.01	437.295	0.01	437.295	-0	
437.761	-0.08	437.761	0.02	437.761	0.01	437.761	-0.01	437.761	0.01	437.761	-0	
438.226	-0.08	438.226	0.01	438.226	0.01	438.226	-0.01	438.226	0.01	438.226	-0	
438.692	-0.08	438.692	0.01	438.692	0.01	438.692	-0.01	438.692	0.01	438.692	-0	
439.157	-0.08	439.157	0.01	439.157	0.01	439.157	-0.01	439.157	0.01	439.157	-0	
439.623	-0.08	439.623	0.01	439.623	0.01	439.623	-0.01	439.623	0.01	439.623	-0	
440.088	-0.08	440.088	0.01	440.088	0.01	440.088	-0.01	440.088	0.01	440.088	-0	
440.554	-0.08	440.554	0.01	440.554	0.01	440.554	-0.01	440.554	0.01	440.554	-0	
441.02	-0.08	441.02	0.01	441.02	0.01	441.02	-0.01	441.02	0.01	441.02	-0	
441.485	-0.08	441.485	0.01	441.485	0.01	441.485	-0.01	441.485	0.01	441.485	-0	
441.951	-0.08	441.951	0.01	441.951	0.01	441.951	-0.01	441.951	0.01	441.951	-0	
442.417	-0.08	442.417	0.01	442.417	0.01	442.417	-0.01	442.417	0.01	442.417	-0	
442.883	-0.08	442.883	0.01	442.883	0.01	442.883	-0.01	442.883	0.01	442.883	-0.01	
443.349	-0.08	443.349	0.01	443.349	0.01	443.349	-0.01	443.349	0.01	443.349	-0.01	
443.815	-0.08	443.815	0.01	443.815	0.01	443.815	-0.01	443.815	0.01	443.815	-0.01	
444.281	-0.08	444.281	0.01	444.281	0.01	444.281	-0.01	444.281	0.01	444.281	-0.01	
444.747	-0.08	444.747	0.01	444.747	0.01	444.747	-0.01	444.747	0.01	444.747	-0.01	
445.213	-0.08	445.213	0.01	445.213	0.01	445.213	-0.01	445.213	0.01	445.213	-0.01	
445.679	-0.08	445.679	0.01	445.679	0.01	445.679	-0.01	445.679	0.01	445.679	-0.01	
446.145	-0.08	446.145	0.01	446.145	0.01	446.145	-0.01	446.145	0.01	446.145	-0.01	
446.611	-0.08	446.611	0.01	446.611	0.01	446.611	-0.01	446.611	0.01	446.611	-0.01	
447.077	-0.08	447.077	0.01	447.077	0.01	447.077	-0.01	447.077	0.01	447.077	-0.01	
447.543	-0.08	447.543	0.01	447.543	0.01	447.543	-0.01	447.543	0.01	447.543	-0.01	
448.009	-0.08	448.009	0.01	448.009	0.01	448.009	-0.01	448.009	0.01	448.009	-0.01	
448.476	-0.08	448.476	0.01	448.476	0.01	448.476	-0.01	448.476	0.01	448.476	-0.01	
448.942	-0.08	448.942	0.01	448.942	0.01	448.942	-0.01	448.942	0.01	448.942	-0.01	
449.408	-0.08	449.408	0.01	449.408	0.01	449.408	-0.01	449.408	0.01	449.408	-0.01	
449.875	-0.08	449.875	0.01	449.875	0.01	449.875	-0.01	449.875	0.01	449.875	-0.01	
450.341	-0.08	450.341	0	450.341	0.01	450.341	-0.01	450.341	0.01	450.341	-0.01	
450.808	-0.08	450.808	0	450.808	0.01	450.808	-0.01	450.808	0.01	450.808	-0.01	
451.274	-0.08	451.274	0	451.274	0.01	451.274	-0.01	451.274	0.01	451.274	-0.01	
451.741	-0.08	451.741	0	451.741	0.01	451.741	-0.01	451.741	0.01	451.741	-0.01	
452.207	-0.08	452.207	0.01	452.207	0.01	452.207	-0.01	452.207	0.01	452.207	-0.01	
452.674	-0.08	452.674	0	452.674	0.01	452.674	-0.01	452.674	0.01	452.674	-0.01	
453.141	-0.08	453.141	0.01	453.141	0.01	453.141	-0.01	453.141	0.01	453.141	-0.01	
453.607	-0.08	453.607	0	453.607	0.01	453.607	-0.01	453.607	0.01	453.607	-0.01	
454.074	-0.08	454.074	0.01	454.074	0.01	454.074	-0.01	454.074	0.01	454.074	-0.01	
454.541	-0.08	454.541	0	454.541	0.01	454.541	-0.01	454.541	0.01	454.541	-0.01	
455.008	-0.08	455.008	0	455.008	0.01	455.008	-0.01	455.008	0.01	455.008	-0.01	
455.474	-0.08	455.474	0	455.474	0.01	455.474	-0.01	455.474	0.01	455.474	-0.01	
455.941	-0.08	455.941	0	455.941	0.01	455.941	-0.01	455.941	0.01	455.941	-0.01	
456.408	-0.08	456.408	0	456.408	0.01	456.408	-0.01	456.408	0.01	456.408	-0.01	
456.875	-0.08	456.875	0	456.875	0.01	456.875	-0.01	456.875	0.01	456.875	-0.01	
457.342	-0.08	457.342	0	457.342	0.01	457.342	-0.01	457.342	0.01	457.342	-0.01	
457.809	-0.08	457.809	0	457.809	0.01	457.809	-0.01	457.809	0.01	457.809	-0.01	
458.276	-0.08	458.276	0	458.276	0.01	458.276	-0.01	458.276	0.01	458.276	-0.01	
458.743	-0.08	458.743	0	458.743	0.01	458.743	-0.01	458.743	0.01	458.743	-0.01	
459.21	-0.08	459.21	0	459.21	0.01	459.21	-0.01	459.21	0.01	459.21	-0.01	
459.678	-0.08	459.678	0	459.678	0.01	459.678	-0.01	459.678	0.01	459.678	-0.01	
460.145	-0.08	460.145	0.01	460.145	0.01	460.145	-0.01	460.145	0.01	460.145	-0.01	
460.612	-0.08	460.612	0.01	460.612	0.01	460.612	-0.01	460.612	0.01	460.612	-0.01	
461.079	-0.08	461.079	0.01	461.079	0.01	461.079	-0.01	461.079	0.01	461.079	-0.01	
461.547	-0.08	461.547	0.01	461.547	0.01	461.547	-0.01	461.547	0.01	461.547	-0.01	
462.014	-0.08	462.014	0.01	462.014	0.01	462.014	-0.01	462.014	0.01	462.014	-0.01	
462.481	-0.08	462.481	0.01	462.481	0.01	462.481	-0.01	462.481	0.01	462.481	-0	
462.949	-0.08	462.949	0.01	462.949	0.01	462.949	-0.01	462.949	0.01	462.949	-0	
463.416	-0.08	463.416	0.01	463.416	0.01	463.416	-0.01	463.416	0.01	463.416	-0	
463.884	-0.08	463.884	0.01	463.884	0.01	463.884	-0.01	463.884	0.01	463.884	-0	
464.351	-0.08	464.351	0.01	464.351	0.01	464.351	-0.01	464.351	0.01	464.351	-0	
464.819	-0.08	464.819	0.01	464.819	0.01	464.819	-0.01	464.819	0.01	464.819	-0	
465.286	-0.08	465.286	0.01	465.286	0.01	465.286	-0.01	465.286	0.01	465.286	-0	
465.754	-0.08	465.754	0.01	465.754	0.01	465.754	-0.01	465.754	0.01	465.754	-0	
466.222	-0.08	466.222	0.01	466.222	0.01	466.222	-0.01	466.222	0.01	466.222	-0	
466.689	-0.08	466.689	0.01	466.689	0.01	466.689	-0.01	466.689	0.01	466.689	-0	
467.157	-0.08	467.157	0.01	467.157	0.01	467.157	-0.01	467.157	0.01	467.157	-0	
467.625	-0.08	467.625	0.01	467.625	0.01	467.625	-0.01	467.625	0.01	467.625	-0	
468.093	-0.08	468.093	0.01	468.093	0.01	468.093	-0.01	468.093	0.01	468.093	-0	
468.56	-0.08	468.56	0.01	468.56	0.01	468.56	-0.01	468.56	0.01	468.56	-0	
469.028	-0.08	469.028	0.01	469.028	0.01	469.028	-0.01	469.028	0.01	469.028	-0	
469.496	-0.08	469.496	0.01	469.496	0.01	469.496	-0.01	469.496	0.01	469.496	-0	
469.964	-0.08	469.964	0.01	469.964	0.01	469.964	-0.01	469.964	0.01	469.964	-0	
470.432	-0.08	470.432	0.01	470.432	0.01	470.432	-0.01	470.432	0.01	470.432	-0	
470.9	-0.08	470.9	0.01	470.9	0.01	470.9	-0.01	470.9	0.01	470.9	-0	
471.368	-0.08	471.368	0.01	471.368	0.01	471.368	-0.01	471.368	0.01	471.368	-0	
471.836	-0.08	471.836	0.01	471.836	0.01	471.836	-0.01	471.836	0.01	471.836	-0	
472.305	-0.08	472.305	0.01	472.305	0.01	472.305	-0.01	472.305	0.01	472.305	-0	
472.773	-0.08	472.773	0.01	472.773	0.01	472.773	-0.01	472.773	0.01	472.773	-0	
473.241	-0.08	473.241	0.01	473.241	0.01	473.241	-0.01	473.241	0.01	473.241	-0	
473.709	-0.08	473.709	0.01	473.709	0.01	473.709	-0.01	473.709	0.01	473.709	-0	
474.178	-0.08	474.178	0.01	474.178	0.01	474.178	-0.01	474.178	0.01	474.178	-0	
474.646	-0.08	474.646	0.01	474.646	0.01	474.646	-0.01	474.646	0.01	474.646	-0	
475.114	-0.08	475.114	0.01	475.114	0.01	475.114	-0.01	475.114	0.01	475.114	-0	
475.583	-0.08	475.583	0.01	475.583	0.01	475.583	-0.01	475.583	0.01	475.583	-0	
476.051	-0.08	476.051	0.01	476.051	0.01	476.051	-0.01	476.051	0.01	476.051	-0	
476.52	-0.08	476.52	0.01	476.52	0.01	476.52	-0.01	476.52	0.01	476.52	-0	
476.988	-0.08	476.988	0.01	476.988	0.01	476.988	-0.01	476.988	0.01	476.988	-0	
477.457	-0.08	477.457	0.01	477.457	0.01	477.457	-0.01	477.457	0.01	477.457	-0	
477.925	-0.08	477.925	0.01	477.925	0.01	477.925	-0.01	477.925	0.01	477.925	-0	
478.394	-0.08	478.394	0.01	478.394	0.01	478.394	-0.01	478.394	0.01	478.394	-0	
478.863	-0.08	478.863	0.01	478.863	0.01	478.863	-0.01	478.863	0.01	478.863	-0	
479.331	-0.08	479.331	0.01	479.331	0.01	479.331	-0.01	479.331	0.01	479.331	-0	
479.8	-0.08	479.8	0.01	479.8	0.01	479.8	-0.01	479.8	0.01	479.8	-0	
480.269	-0.08	480.269	0.01	480.269	0.01	480.269	-0.01	480.269	0.01	480.269	-0	
480.737	-0.08	480.737	0.01	480.737	0.01	480.737	-0.01	480.737	0.01	480.737	-0	
481.206	-0.08	481.206	0.01	481.206	0.01	481.206	-0.01	481.206	0.01	481.206	-0	
481.675	-0.08	481.675	0.01	481.675	0.01	481.675	-0.01	481.675	0.01	481.675	-0	
482.144	-0.08	482.144	0.01	482.144	0.01	482.144	-0.01	482.144	0.01	482.144	-0	
482.613	-0.08	482.613	0.01	482.613	0.01	482.613	-0.01	482.613	0.01	482.613	-0	
483.082	-0.08	483.082	0.01	483.082	0.01	483.082	-0.01	483.082	0.01	483.082	-0	
483.551	-0.08	483.551	0.01	483.551	0.01	483.551	-0.01	483.551	0.01	483.551	-0	
484.02	-0.08	484.02	0.01	484.02	0.01	484.02	-0.01	484.02	0.01	484.02	-0	
484.489	-0.08	484.489	0.01	484.489	0.01	484.489	-0.01	484.489	0.01	484.489	-0	
484.958	-0.08	484.958	0.01	484.958	0.01	484.958	-0.01	484.958	0.01	484.958	-0	
485.428	-0.08	485.428	0.01	485.428	0.01	485.428	-0.01	485.428	0.01	485.428	-0	
485.897	-0.08	485.897	0.01	485.897	0.01	485.897	-0.01	485.897	0.01	485.897	-0	
486.366	-0.08	486.366	0.01	486.366	0.01	486.366	-0.01	486.366	0.02	486.366	-0	
486.835	-0.08	486.835	0.01	486.835	0.01	486.835	-0.01	486.835	0.02	486.835	-0	
487.305	-0.08	487.305	0.01	487.305	0.01	487.305	-0.01	487.305	0.02	487.305	-0	
487.774	-0.08	487.774	0.01	487.774	0.01	487.774	-0.01	487.774	0.02	487.774	-0	
488.243	-0.08	488.243	0.01	488.243	0.01	488.243	-0.01	488.243	0.02	488.243	-0	
488.713	-0.08	488.713	0.02	488.713	0.01	488.713	-0.01	488.713	0.02	488.713	-0	
489.182	-0.08	489.182	0.02	489.182	0.01	489.182	-0.01	489.182	0.02	489.182	-0	
489.652	-0.08	489.652	0.02	489.652	0.01	489.652	-0.01	489.652	0.02	489.652	-0	
490.121	-0.08	490.121	0.02	490.121	0.01	490.121	-0.01	490.121	0.02	490.121	-0	
490.591	-0.08	490.591	0.02	490.591	0.01	490.591	-0.01	490.591	0.02	490.591	-0	
491.06	-0.08	491.06	0.02	491.06	0.01	491.06	-0.01	491.06	0.02	491.06	-0	
491.53	-0.08	491.53	0.02	491.53	0.01	491.53	-0.01	491.53	0.02	491.53	-0	
492	-0.08	492	0.02	492	0.01	492	-0.01	492	0.02	492	-0	
492.469	-0.08	492.469	0.02	492.469	0.01	492.469	-0.01	492.469	0.02	492.469	-0	
492.939	-0.08	492.939	0.02	492.939	0.01	492.939	-0.01	492.939	0.02	492.939	-0	
493.409	-0.08	493.409	0.02	493.409	0.01	493.409	-0.01	493.409	0.02	493.409	-0	
493.879	-0.08	493.879	0.02	493.879	0.01	493.879	-0.01	493.879	0.02	493.879	0	
494.349	-0.08	494.349	0.02	494.349	0.01	494.349	-0.01	494.349	0.02	494.349	0	
494.818	-0.08	494.818	0.02	494.818	0.02	494.818	-0.01	494.818	0.02	494.818	0	
495.288	-0.08	495.288	0.02	495.288	0.02	495.288	-0.01	495.288	0.02	495.288	0	
495.758	-0.08	495.758	0.02	495.758	0.02	495.758	-0.01	495.758	0.02	495.758	0	
496.228	-0.08	496.228	0.02	496.228	0.02	496.228	-0.01	496.228	0.02	496.228	0	
496.698	-0.08	496.698	0.02	496.698	0.02	496.698	-0.01	496.698	0.02	496.698	0	
497.168	-0.08	497.168	0.02	497.168	0.02	497.168	-0.01	497.168	0.02	497.168	0	
497.639	-0.08	497.639	0.02	497.639	0.02	497.639	-0.01	497.639	0.02	497.639	0	
498.109	-0.08	498.109	0.02	498.109	0.02	498.109	-0.01	498.109	0.02	498.109	0	
498.579	-0.08	498.579	0.02	498.579	0.02	498.579	-0.01	498.579	0.02	498.579	0	
499.049	-0.08	499.049	0.02	499.049	0.02	499.049	-0.01	499.049	0.02	499.049	0	
499.519	-0.08	499.519	0.02	499.519	0.02	499.519	-0.01	499.519	0.02	499.519	0	
499.99	-0.08	499.99	0.02	499.99	0.02	499.99	-0.01	499.99	0.02	499.99	0	
500.46	-0.08	500.46	0.02	500.46	0.02	500.46	-0.01	500.46	0.02	500.46	0	
500.93	-0.08	500.93	0.03	500.93	0.02	500.93	-0.01	500.93	0.02	500.93	0	
501.401	-0.08	501.401	0.03	501.401	0.02	501.401	-0.01	501.401	0.02	501.401	0	
501.871	-0.08	501.871	0.03	501.871	0.02	501.871	-0.01	501.871	0.02	501.871	0	
502.342	-0.08	502.342	0.03	502.342	0.02	502.342	-0.01	502.342	0.02	502.342	0	
502.812	-0.08	502.812	0.03	502.812	0.02	502.812	-0.01	502.812	0.02	502.812	0	
503.283	-0.08	503.283	0.03	503.283	0.02	503.283	-0.01	503.283	0.02	503.283	0	
503.753	-0.08	503.753	0.03	503.753	0.02	503.753	-0.01	503.753	0.02	503.753	0	
504.224	-0.08	504.224	0.03	504.224	0.02	504.224	-0.01	504.224	0.02	504.224	0	
504.695	-0.08	504.695	0.03	504.695	0.02	504.695	-0.01	504.695	0.02	504.695	0	
505.165	-0.08	505.165	0.03	505.165	0.02	505.165	-0.01	505.165	0.02	505.165	0	
505.636	-0.08	505.636	0.03	505.636	0.02	505.636	-0.01	505.636	0.02	505.636	0	
506.107	-0.08	506.107	0.03	506.107	0.02	506.107	-0.01	506.107	0.02	506.107	0	
506.577	-0.08	506.577	0.03	506.577	0.02	506.577	-0.01	506.577	0.02	506.577	0	
507.048	-0.08	507.048	0.03	507.048	0.02	507.048	-0.01	507.048	0.02	507.048	0	
507.519	-0.08	507.519	0.03	507.519	0.02	507.519	-0.01	507.519	0.02	507.519	0.01	
507.99	-0.08	507.99	0.03	507.99	0.02	507.99	-0.01	507.99	0.02	507.99	0.01	
508.461	-0.08	508.461	0.03	508.461	0.02	508.461	-0.01	508.461	0.02	508.461	0.01	
508.932	-0.08	508.932	0.04	508.932	0.02	508.932	-0	508.932	0.02	508.932	0.01	
509.403	-0.08	509.403	0.04	509.403	0.03	509.403	-0	509.403	0.02	509.403	0.01	
509.874	-0.08	509.874	0.04	509.874	0.03	509.874	-0	509.874	0.03	509.874	0.01	
510.345	-0.08	510.345	0.04	510.345	0.03	510.345	-0	510.345	0.03	510.345	0.01	
510.816	-0.08	510.816	0.04	510.816	0.03	510.816	-0	510.816	0.03	510.816	0.01	
511.287	-0.08	511.287	0.04	511.287	0.03	511.287	-0	511.287	0.03	511.287	0.01	
511.759	-0.08	511.759	0.04	511.759	0.03	511.759	-0	511.759	0.03	511.759	0.01	
512.23	-0.08	512.23	0.04	512.23	0.03	512.23	-0	512.23	0.03	512.23	0.01	
512.701	-0.08	512.701	0.04	512.701	0.03	512.701	-0	512.701	0.03	512.701	0.01	
513.172	-0.08	513.172	0.04	513.172	0.03	513.172	-0	513.172	0.03	513.172	0.01	
513.644	-0.08	513.644	0.04	513.644	0.03	513.644	-0	513.644	0.03	513.644	0.01	
514.115	-0.08	514.115	0.04	514.115	0.03	514.115	-0	514.115	0.03	514.115	0.01	
514.587	-0.08	514.587	0.04	514.587	0.03	514.587	-0	514.587	0.03	514.587	0.01	
515.058	-0.08	515.058	0.05	515.058	0.03	515.058	-0	515.058	0.03	515.058	0.01	
515.529	-0.08	515.529	0.05	515.529	0.03	515.529	-0	515.529	0.03	515.529	0.01	
516.001	-0.08	516.001	0.05	516.001	0.03	516.001	-0	516.001	0.03	516.001	0.01	
516.473	-0.08	516.473	0.05	516.473	0.03	516.473	-0	516.473	0.03	516.473	0.01	
516.944	-0.08	516.944	0.05	516.944	0.03	516.944	-0	516.944	0.03	516.944	0.01	
517.416	-0.08	517.416	0.05	517.416	0.03	517.416	-0	517.416	0.03	517.416	0.01	
517.887	-0.08	517.887	0.05	517.887	0.04	517.887	-0	517.887	0.03	517.887	0.01	
518.359	-0.08	518.359	0.05	518.359	0.04	518.359	-0	518.359	0.03	518.359	0.01	
518.831	-0.08	518.831	0.05	518.831	0.04	518.831	-0	518.831	0.03	518.831	0.01	
519.303	-0.08	519.303	0.05	519.303	0.04	519.303	-0	519.303	0.03	519.303	0.01	
519.774	-0.08	519.774	0.06	519.774	0.04	519.774	-0	519.774	0.03	519.774	0.01	
520.246	-0.08	520.246	0.06	520.246	0.04	520.246	-0	520.246	0.03	520.246	0.01	
520.718	-0.08	520.718	0.06	520.718	0.04	520.718	-0	520.718	0.04	520.718	0.01	
521.19	-0.08	521.19	0.06	521.19	0.04	521.19	0	521.19	0.04	521.19	0.01	
521.662	-0.08	521.662	0.06	521.662	0.04	521.662	0	521.662	0.04	521.662	0.01	
522.134	-0.08	522.134	0.06	522.134	0.04	522.134	0	522.134	0.04	522.134	0.01	
522.606	-0.08	522.606	0.06	522.606	0.04	522.606	0	522.606	0.04	522.606	0.01	
523.078	-0.08	523.078	0.06	523.078	0.04	523.078	0	523.078	0.04	523.078	0.02	
523.55	-0.08	523.55	0.06	523.55	0.04	523.55	0	523.55	0.04	523.55	0.02	
524.022	-0.08	524.022	0.07	524.022	0.05	524.022	0	524.022	0.04	524.022	0.02	
524.494	-0.08	524.494	0.07	524.494	0.05	524.494	0	524.494	0.04	524.494	0.02	
524.967	-0.08	524.967	0.07	524.967	0.05	524.967	0	524.967	0.04	524.967	0.02	
525.439	-0.08	525.439	0.07	525.439	0.05	525.439	0	525.439	0.04	525.439	0.02	
525.911	-0.08	525.911	0.07	525.911	0.05	525.911	0	525.911	0.04	525.911	0.02	
526.383	-0.08	526.383	0.07	526.383	0.05	526.383	0	526.383	0.04	526.383	0.02	
526.856	-0.08	526.856	0.07	526.856	0.05	526.856	0	526.856	0.04	526.856	0.02	
527.328	-0.08	527.328	0.08	527.328	0.05	527.328	0	527.328	0.04	527.328	0.02	
527.801	-0.08	527.801	0.08	527.801	0.05	527.801	0	527.801	0.04	527.801	0.02	
528.273	-0.08	528.273	0.08	528.273	0.05	528.273	0	528.273	0.04	528.273	0.02	
528.746	-0.08	528.746	0.08	528.746	0.05	528.746	0	528.746	0.05	528.746	0.02	
529.218	-0.08	529.218	0.08	529.218	0.06	529.218	0	529.218	0.05	529.218	0.02	
529.691	-0.08	529.691	0.08	529.691	0.06	529.691	0	529.691	0.05	529.691	0.02	
530.163	-0.08	530.163	0.08	530.163	0.06	530.163	0.01	530.163	0.05	530.163	0.02	
530.636	-0.08	530.636	0.09	530.636	0.06	530.636	0.01	530.636	0.05	530.636	0.02	
531.109	-0.08	531.109	0.09	531.109	0.06	531.109	0.01	531.109	0.05	531.109	0.02	
531.581	-0.08	531.581	0.09	531.581	0.06	531.581	0.01	531.581	0.05	531.581	0.02	
532.054	-0.08	532.054	0.09	532.054	0.06	532.054	0.01	532.054	0.05	532.054	0.02	
532.527	-0.08	532.527	0.09	532.527	0.06	532.527	0.01	532.527	0.05	532.527	0.02	
533	-0.08	533	0.09	533	0.06	533	0.01	533	0.05	533	0.03	
533.472	-0.08	533.472	0.1	533.472	0.07	533.472	0.01	533.472	0.05	533.472	0.03	
533.945	-0.08	533.945	0.1	533.945	0.07	533.945	0.01	533.945	0.05	533.945	0.03	
534.418	-0.08	534.418	0.1	534.418	0.07	534.418	0.01	534.418	0.05	534.418	0.03	
534.891	-0.08	534.891	0.1	534.891	0.07	534.891	0.01	534.891	0.06	534.891	0.03	
535.364	-0.08	535.364	0.1	535.364	0.07	535.364	0.01	535.364	0.06	535.364	0.03	
535.837	-0.08	535.837	0.11	535.837	0.07	535.837	0.01	535.837	0.06	535.837	0.03	
536.31	-0.08	536.31	0.11	536.31	0.07	536.31	0.01	536.31	0.06	536.31	0.03	
536.783	-0.08	536.783	0.11	536.783	0.07	536.783	0.01	536.783	0.06	536.783	0.03	
537.257	-0.08	537.257	0.11	537.257	0.08	537.257	0.01	537.257	0.06	537.257	0.03	
537.73	-0.08	537.73	0.11	537.73	0.08	537.73	0.01	537.73	0.06	537.73	0.03	
538.203	-0.08	538.203	0.12	538.203	0.08	538.203	0.01	538.203	0.06	538.203	0.03	
538.676	-0.08	538.676	0.12	538.676	0.08	538.676	0.01	538.676	0.06	538.676	0.03	
539.149	-0.08	539.149	0.12	539.149	0.08	539.149	0.01	539.149	0.06	539.149	0.03	
539.623	-0.08	539.623	0.12	539.623	0.08	539.623	0.01	539.623	0.06	539.623	0.03	
540.096	-0.08	540.096	0.12	540.096	0.08	540.096	0.01	540.096	0.07	540.096	0.04	
540.57	-0.08	540.57	0.13	540.57	0.09	540.57	0.01	540.57	0.07	540.57	0.04	
541.043	-0.08	541.043	0.13	541.043	0.09	541.043	0.01	541.043	0.07	541.043	0.04	
541.516	-0.08	541.516	0.13	541.516	0.09	541.516	0.01	541.516	0.07	541.516	0.04	
541.99	-0.08	541.99	0.13	541.99	0.09	541.99	0.01	541.99	0.07	541.99	0.04	
542.463	-0.08	542.463	0.14	542.463	0.09	542.463	0.01	542.463	0.07	542.463	0.04	
542.937	-0.08	542.937	0.14	542.937	0.09	542.937	0.02	542.937	0.07	542.937	0.04	
543.411	-0.08	543.411	0.14	543.411	0.09	543.411	0.02	543.411	0.07	543.411	0.04	
543.884	-0.08	543.884	0.14	543.884	0.1	543.884	0.02	543.884	0.07	543.884	0.04	
544.358	-0.08	544.358	0.15	544.358	0.1	544.358	0.02	544.358	0.08	544.358	0.04	
544.832	-0.08	544.832	0.15	544.832	0.1	544.832	0.02	544.832	0.08	544.832	0.04	
545.305	-0.08	545.305	0.15	545.305	0.1	545.305	0.02	545.305	0.08	545.305	0.04	
545.779	-0.08	545.779	0.15	545.779	0.1	545.779	0.02	545.779	0.08	545.779	0.05	
546.253	-0.08	546.253	0.16	546.253	0.11	546.253	0.02	546.253	0.08	546.253	0.05	
546.727	-0.08	546.727	0.16	546.727	0.11	546.727	0.02	546.727	0.08	546.727	0.05	
547.201	-0.08	547.201	0.16	547.201	0.11	547.201	0.02	547.201	0.08	547.201	0.05	
547.675	-0.08	547.675	0.17	547.675	0.11	547.675	0.02	547.675	0.08	547.675	0.05	
548.149	-0.08	548.149	0.17	548.149	0.11	548.149	0.02	548.149	0.09	548.149	0.05	
548.623	-0.08	548.623	0.17	548.623	0.12	548.623	0.02	548.623	0.09	548.623	0.05	
549.097	-0.08	549.097	0.18	549.097	0.12	549.097	0.02	549.097	0.09	549.097	0.05	
549.571	-0.08	549.571	0.18	549.571	0.12	549.571	0.02	549.571	0.09	549.571	0.05	
550.045	-0.08	550.045	0.18	550.045	0.12	550.045	0.02	550.045	0.09	550.045	0.05	
550.519	-0.08	550.519	0.19	550.519	0.12	550.519	0.02	550.519	0.09	550.519	0.06	
550.993	-0.08	550.993	0.19	550.993	0.13	550.993	0.02	550.993	0.1	550.993	0.06	
551.467	-0.08	551.467	0.19	551.467	0.13	551.467	0.03	551.467	0.1	551.467	0.06	
551.942	-0.08	551.942	0.2	551.942	0.13	551.942	0.03	551.942	0.1	551.942	0.06	
552.416	-0.08	552.416	0.2	552.416	0.13	552.416	0.03	552.416	0.1	552.416	0.06	
552.89	-0.08	552.89	0.2	552.89	0.14	552.89	0.03	552.89	0.1	552.89	0.06	
553.365	-0.08	553.365	0.21	553.365	0.14	553.365	0.03	553.365	0.1	553.365	0.06	
553.839	-0.08	553.839	0.21	553.839	0.14	553.839	0.03	553.839	0.11	553.839	0.06	
554.313	-0.08	554.313	0.22	554.313	0.14	554.313	0.03	554.313	0.11	554.313	0.07	
554.788	-0.08	554.788	0.22	554.788	0.15	554.788	0.03	554.788	0.11	554.788	0.07	
555.262	-0.08	555.262	0.22	555.262	0.15	555.262	0.03	555.262	0.11	555.262	0.07	
555.737	-0.08	555.737	0.23	555.737	0.15	555.737	0.03	555.737	0.11	555.737	0.07	
556.211	-0.08	556.211	0.23	556.211	0.16	556.211	0.03	556.211	0.12	556.211	0.07	
556.686	-0.08	556.686	0.24	556.686	0.16	556.686	0.03	556.686	0.12	556.686	0.07	
557.161	-0.08	557.161	0.24	557.161	0.16	557.161	0.03	557.161	0.12	557.161	0.07	
557.635	-0.08	557.635	0.25	557.635	0.17	557.635	0.04	557.635	0.12	557.635	0.08	
558.11	-0.08	558.11	0.25	558.11	0.17	558.11	0.04	558.11	0.13	558.11	0.08	
558.585	-0.08	558.585	0.26	558.585	0.17	558.585	0.04	558.585	0.13	558.585	0.08	
559.06	-0.08	559.06	0.26	559.06	0.18	559.06	0.04	559.06	0.13	559.06	0.08	
559.534	-0.08	559.534	0.27	559.534	0.18	559.534	0.04	559.534	0.13	559.534	0.08	
560.009	-0.08	560.009	0.27	560.009	0.18	560.009	0.04	560.009	0.14	560.009	0.08	
560.484	-0.08	560.484	0.28	560.484	0.19	560.484	0.04	560.484	0.14	560.484	0.09	
560.959	-0.08	560.959	0.28	560.959	0.19	560.959	0.04	560.959	0.14	560.959	0.09	
561.434	-0.08	561.434	0.29	561.434	0.19	561.434	0.04	561.434	0.14	561.434	0.09	
561.909	-0.08	561.909	0.3	561.909	0.2	561.909	0.04	561.909	0.15	561.909	0.09	
562.384	-0.08	562.384	0.3	562.384	0.2	562.384	0.04	562.384	0.15	562.384	0.09	
562.859	-0.08	562.859	0.31	562.859	0.21	562.859	0.05	562.859	0.15	562.859	0.1	
563.334	-0.08	563.334	0.31	563.334	0.21	563.334	0.05	563.334	0.15	563.334	0.1	
563.809	-0.08	563.809	0.32	563.809	0.21	563.809	0.05	563.809	0.16	563.809	0.1	
564.285	-0.08	564.285	0.32	564.285	0.22	564.285	0.05	564.285	0.16	564.285	0.1	
564.76	-0.08	564.76	0.33	564.76	0.22	564.76	0.05	564.76	0.16	564.76	0.1	
565.235	-0.08	565.235	0.34	565.235	0.23	565.235	0.05	565.235	0.17	565.235	0.11	
565.71	-0.08	565.71	0.34	565.71	0.23	565.71	0.05	565.71	0.17	565.71	0.11	
566.186	-0.08	566.186	0.35	566.186	0.23	566.186	0.05	566.186	0.17	566.186	0.11	
566.661	-0.08	566.661	0.36	566.661	0.24	566.661	0.05	566.661	0.17	566.661	0.11	
567.136	-0.08	567.136	0.36	567.136	0.24	567.136	0.06	567.136	0.18	567.136	0.11	
567.612	-0.08	567.612	0.37	567.612	0.25	567.612	0.06	567.612	0.18	567.612	0.12	
568.087	-0.07	568.087	0.38	568.087	0.25	568.087	0.06	568.087	0.18	568.087	0.12	
568.563	-0.07	568.563	0.38	568.563	0.26	568.563	0.06	568.563	0.19	568.563	0.12	
569.038	-0.07	569.038	0.39	569.038	0.26	569.038	0.06	569.038	0.19	569.038	0.12	
569.514	-0.07	569.514	0.39	569.514	0.26	569.514	0.06	569.514	0.19	569.514	0.12	
569.99	-0.07	569.99	0.4	569.99	0.27	569.99	0.06	569.99	0.2	569.99	0.13	
570.465	-0.07	570.465	0.41	570.465	0.27	570.465	0.06	570.465	0.2	570.465	0.13	
570.941	-0.07	570.941	0.41	570.941	0.28	570.941	0.07	570.941	0.2	570.941	0.13	
571.417	-0.07	571.417	0.42	571.417	0.28	571.417	0.07	571.417	0.21	571.417	0.13	
571.892	-0.07	571.892	0.43	571.892	0.29	571.892	0.07	571.892	0.21	571.892	0.14	
572.368	-0.07	572.368	0.44	572.368	0.29	572.368	0.07	572.368	0.21	572.368	0.14	
572.844	-0.07	572.844	0.44	572.844	0.3	572.844	0.07	572.844	0.21	572.844	0.14	
573.32	-0.07	573.32	0.45	573.32	0.3	573.32	0.07	573.32	0.22	573.32	0.14	
573.796	-0.07	573.796	0.46	573.796	0.3	573.796	0.07	573.796	0.22	573.796	0.14	
574.272	-0.07	574.272	0.46	574.272	0.31	574.272	0.07	574.272	0.22	574.272	0.15	
574.748	-0.07	574.748	0.47	574.748	0.31	574.748	0.08	574.748	0.23	574.748	0.15	
575.224	-0.07	575.224	0.48	575.224	0.32	575.224	0.08	575.224	0.23	575.224	0.15	
575.7	-0.07	575.7	0.48	575.7	0.32	575.7	0.08	575.7	0.23	575.7	0.15	
576.176	-0.07	576.176	0.49	576.176	0.33	576.176	0.08	576.176	0.24	576.176	0.15	
576.652	-0.07	576.652	0.49	576.652	0.33	576.652	0.08	576.652	0.24	576.652	0.16	
577.128	-0.07	577.128	0.5	577.128	0.34	577.128	0.08	577.128	0.24	577.128	0.16	
577.604	-0.07	577.604	0.51	577.604	0.34	577.604	0.08	577.604	0.25	577.604	0.16	
578.08	-0.07	578.08	0.51	578.08	0.34	578.08	0.08	578.08	0.25	578.08	0.16	
578.556	-0.07	578.556	0.52	578.556	0.35	578.556	0.08	578.556	0.25	578.556	0.17	
579.033	-0.07	579.033	0.53	579.033	0.35	579.033	0.09	579.033	0.25	579.033	0.17	
579.509	-0.07	579.509	0.53	579.509	0.36	579.509	0.09	579.509	0.26	579.509	0.17	
579.985	-0.07	579.985	0.54	579.985	0.36	579.985	0.09	579.985	0.26	579.985	0.17	
580.462	-0.07	580.462	0.54	580.462	0.36	580.462	0.09	580.462	0.26	580.462	0.17	
580.938	-0.07	580.938	0.55	580.938	0.37	580.938	0.09	580.938	0.27	580.938	0.18	
581.415	-0.07	581.415	0.56	581.415	0.37	581.415	0.09	581.415	0.27	581.415	0.18	
581.891	-0.07	581.891	0.56	581.891	0.38	581.891	0.09	581.891	0.27	581.891	0.18	
582.368	-0.07	582.368	0.57	582.368	0.38	582.368	0.09	582.368	0.27	582.368	0.18	
582.844	-0.07	582.844	0.57	582.844	0.38	582.844	0.09	582.844	0.28	582.844	0.18	
583.321	-0.07	583.321	0.58	583.321	0.39	583.321	0.1	583.321	0.28	583.321	0.18	
583.798	-0.07	583.798	0.59	583.798	0.39	583.798	0.1	583.798	0.28	583.798	0.19	
584.274	-0.07	584.274	0.59	584.274	0.4	584.274	0.1	584.274	0.28	584.274	0.19	
584.751	-0.07	584.751	0.6	584.751	0.4	584.751	0.1	584.751	0.29	584.751	0.19	
585.228	-0.07	585.228	0.6	585.228	0.4	585.228	0.1	585.228	0.29	585.228	0.19	
585.704	-0.07	585.704	0.61	585.704	0.41	585.704	0.1	585.704	0.29	585.704	0.19	
586.181	-0.07	586.181	0.62	586.181	0.41	586.181	0.1	586.181	0.3	586.181	0.2	
586.658	-0.07	586.658	0.62	586.658	0.41	586.658	0.1	586.658	0.3	586.658	0.2	
587.135	-0.07	587.135	0.63	587.135	0.42	587.135	0.1	587.135	0.3	587.135	0.2	
587.612	-0.07	587.612	0.63	587.612	0.42	587.612	0.1	587.612	0.3	587.612	0.2	
588.089	-0.07	588.089	0.64	588.089	0.43	588.089	0.11	588.089	0.31	588.089	0.2	
588.566	-0.07	588.566	0.64	588.566	0.43	588.566	0.11	588.566	0.31	588.566	0.21	
589.043	-0.07	589.043	0.65	589.043	0.43	589.043	0.11	589.043	0.31	589.043	0.21	
589.52	-0.07	589.52	0.66	589.52	0.44	589.52	0.11	589.52	0.32	589.52	0.21	
589.997	-0.07	589.997	0.66	589.997	0.44	589.997	0.11	589.997	0.32	589.997	0.21	
590.474	-0.07	590.474	0.67	590.474	0.45	590.474	0.11	590.474	0.32	590.474	0.21	
590.951	-0.07	590.951	0.68	590.951	0.45	590.951	0.11	590.951	0.32	590.951	0.22	
591.429	-0.07	591.429	0.68	591.429	0.46	591.429	0.11	591.429	0.33	591.429	0.22	
591.906	-0.07	591.906	0.69	591.906	0.46	591.906	0.11	591.906	0.33	591.906	0.22	
592.383	-0.07	592.383	0.7	592.383	0.46	592.383	0.12	592.383	0.33	592.383	0.22	
592.86	-0.07	592.86	0.7	592.86	0.47	592.86	0.12	592.86	0.34	592.86	0.22	
593.338	-0.07	593.338	0.71	593.338	0.47	593.338	0.12	593.338	0.34	593.338	0.23	
593.815	-0.07	593.815	0.72	593.815	0.48	593.815	0.12	593.815	0.34	593.815	0.23	
594.292	-0.07	594.292	0.73	594.292	0.49	594.292	0.12	594.292	0.35	594.292	0.23	
594.77	-0.07	594.77	0.74	594.77	0.49	594.77	0.12	594.77	0.35	594.77	0.24	
595.247	-0.07	595.247	0.74	595.247	0.5	595.247	0.12	595.247	0.36	595.247	0.24	
595.725	-0.07	595.725	0.75	595.725	0.5	595.725	0.13	595.725	0.36	595.725	0.24	
596.202	-0.07	596.202	0.76	596.202	0.51	596.202	0.13	596.202	0.36	596.202	0.24	
596.68	-0.07	596.68	0.77	596.68	0.51	596.68	0.13	596.68	0.37	596.68	0.25	
597.158	-0.07	597.158	0.78	597.158	0.52	597.158	0.13	597.158	0.37	597.158	0.25	
597.635	-0.07	597.635	0.79	597.635	0.53	597.635	0.13	597.635	0.38	597.635	0.25	
598.113	-0.07	598.113	0.8	598.113	0.53	598.113	0.14	598.113	0.38	598.113	0.26	
598.591	-0.07	598.591	0.81	598.591	0.54	598.591	0.14	598.591	0.39	598.591	0.26	
599.069	-0.07	599.069	0.82	599.069	0.55	599.069	0.14	599.069	0.39	599.069	0.26	
599.546	-0.07	599.546	0.83	599.546	0.56	599.546	0.14	599.546	0.4	599.546	0.27	
600.024	-0.07	600.024	0.84	600.024	0.56	600.024	0.14	600.024	0.4	600.024	0.27	
600.502	-0.07	600.502	0.86	600.502	0.57	600.502	0.15	600.502	0.41	600.502	0.28	
600.98	-0.07	600.98	0.87	600.98	0.58	600.98	0.15	600.98	0.42	600.98	0.28	
601.458	-0.07	601.458	0.88	601.458	0.59	601.458	0.15	601.458	0.42	601.458	0.28	
601.936	-0.07	601.936	0.89	601.936	0.6	601.936	0.15	601.936	0.43	601.936	0.29	
602.414	-0.07	602.414	0.91	602.414	0.61	602.414	0.16	602.414	0.43	602.414	0.29	
602.892	-0.07	602.892	0.92	602.892	0.62	602.892	0.16	602.892	0.44	602.892	0.3	
603.37	-0.07	603.37	0.94	603.37	0.63	603.37	0.16	603.37	0.45	603.37	0.3	
603.848	-0.07	603.848	0.95	603.848	0.64	603.848	0.16	603.848	0.46	603.848	0.31	
604.326	-0.07	604.326	0.97	604.326	0.65	604.326	0.17	604.326	0.46	604.326	0.31	
604.805	-0.07	604.805	0.98	604.805	0.66	604.805	0.17	604.805	0.47	604.805	0.32	
605.283	-0.07	605.283	1	605.283	0.67	605.283	0.17	605.283	0.48	605.283	0.32	
605.761	-0.07	605.761	1.01	605.761	0.68	605.761	0.17	605.761	0.49	605.761	0.33	
606.239	-0.07	606.239	1.03	606.239	0.69	606.239	0.18	606.239	0.49	606.239	0.33	
606.718	-0.07	606.718	1.05	606.718	0.7	606.718	0.18	606.718	0.5	606.718	0.34	
607.196	-0.07	607.196	1.06	607.196	0.71	607.196	0.18	607.196	0.51	607.196	0.35	
607.674	-0.07	607.674	1.08	607.674	0.73	607.674	0.19	607.674	0.52	607.674	0.35	
608.153	-0.07	608.153	1.1	608.153	0.74	608.153	0.19	608.153	0.53	608.153	0.36	
608.631	-0.07	608.631	1.12	608.631	0.75	608.631	0.19	608.631	0.54	608.631	0.37	
609.11	-0.07	609.11	1.13	609.11	0.76	609.11	0.2	609.11	0.55	609.11	0.37	
609.588	-0.07	609.588	1.15	609.588	0.78	609.588	0.2	609.588	0.56	609.588	0.38	
610.067	-0.07	610.067	1.17	610.067	0.79	610.067	0.21	610.067	0.57	610.067	0.38	
610.546	-0.07	610.546	1.19	610.546	0.8	610.546	0.21	610.546	0.58	610.546	0.39	
611.024	-0.07	611.024	1.21	611.024	0.82	611.024	0.21	611.024	0.59	611.024	0.4	
611.503	-0.07	611.503	1.23	611.503	0.83	611.503	0.22	611.503	0.6	611.503	0.41	
611.982	-0.07	611.982	1.25	611.982	0.85	611.982	0.22	611.982	0.61	611.982	0.41	
612.46	-0.07	612.46	1.27	612.46	0.86	612.46	0.23	612.46	0.62	612.46	0.42	
612.939	-0.07	612.939	1.29	612.939	0.87	612.939	0.23	612.939	0.63	612.939	0.43	
613.418	-0.07	613.418	1.31	613.418	0.89	613.418	0.23	613.418	0.64	613.418	0.43	
613.897	-0.07	613.897	1.33	613.897	0.9	613.897	0.24	613.897	0.65	613.897	0.44	
614.376	-0.07	614.376	1.35	614.376	0.92	614.376	0.24	614.376	0.66	614.376	0.45	
614.855	-0.07	614.855	1.37	614.855	0.93	614.855	0.25	614.855	0.67	614.855	0.46	
615.334	-0.07	615.334	1.39	615.334	0.95	615.334	0.25	615.334	0.68	615.334	0.46	
615.813	-0.07	615.813	1.41	615.813	0.96	615.813	0.25	615.813	0.69	615.813	0.47	
616.292	-0.07	616.292	1.43	616.292	0.98	616.292	0.26	616.292	0.7	616.292	0.48	
616.771	-0.07	616.771	1.45	616.771	0.99	616.771	0.26	616.771	0.71	616.771	0.49	
617.25	-0.07	617.25	1.47	617.25	1	617.25	0.27	617.25	0.72	617.25	0.49	
617.729	-0.07	617.729	1.49	617.729	1.02	617.729	0.27	617.729	0.73	617.729	0.5	
618.208	-0.07	618.208	1.51	618.208	1.03	618.208	0.27	618.208	0.74	618.208	0.51	
618.688	-0.07	618.688	1.53	618.688	1.05	618.688	0.28	618.688	0.75	618.688	0.51	
619.167	-0.07	619.167	1.54	619.167	1.06	619.167	0.28	619.167	0.76	619.167	0.52	
619.646	-0.07	619.646	1.56	619.646	1.07	619.646	0.29	619.646	0.77	619.646	0.53	
620.125	-0.07	620.125	1.58	620.125	1.09	620.125	0.29	620.125	0.78	620.125	0.53	
620.605	-0.07	620.605	1.6	620.605	1.1	620.605	0.29	620.605	0.79	620.605	0.54	
621.084	-0.07	621.084	1.61	621.084	1.11	621.084	0.3	621.084	0.8	621.084	0.55	
621.564	-0.07	621.564	1.63	621.564	1.12	621.564	0.3	621.564	0.81	621.564	0.55	
622.043	-0.07	622.043	1.64	622.043	1.13	622.043	0.3	622.043	0.81	622.043	0.56	
622.523	-0.07	622.523	1.65	622.523	1.14	622.523	0.31	622.523	0.82	622.523	0.56	
623.002	-0.07	623.002	1.67	623.002	1.15	623.002	0.31	623.002	0.83	623.002	0.57	
623.482	-0.07	623.482	1.68	623.482	1.16	623.482	0.31	623.482	0.84	623.482	0.58	
623.961	-0.07	623.961	1.69	623.961	1.17	623.961	0.31	623.961	0.84	623.961	0.58	
624.441	-0.07	624.441	1.7	624.441	1.18	624.441	0.32	624.441	0.85	624.441	0.58	
624.921	-0.07	624.921	1.71	624.921	1.19	624.921	0.32	624.921	0.85	624.921	0.59	
625.4	-0.07	625.4	1.72	625.4	1.2	625.4	0.32	625.4	0.86	625.4	0.59	
625.88	-0.07	625.88	1.73	625.88	1.2	625.88	0.32	625.88	0.86	625.88	0.59	
626.36	-0.07	626.36	1.73	626.36	1.21	626.36	0.32	626.36	0.87	626.36	0.6	
626.84	-0.07	626.84	1.74	626.84	1.21	626.84	0.32	626.84	0.87	626.84	0.6	
627.319	-0.07	627.319	1.74	627.319	1.22	627.319	0.33	627.319	0.87	627.319	0.6	
627.799	-0.07	627.799	1.75	627.799	1.22	627.799	0.33	627.799	0.88	627.799	0.6	
628.279	-0.07	628.279	1.75	628.279	1.22	628.279	0.33	628.279	0.88	628.279	0.6	
628.759	-0.07	628.759	1.75	628.759	1.22	628.759	0.33	628.759	0.88	628.759	0.6	
629.239	-0.07	629.239	1.75	629.239	1.22	629.239	0.33	629.239	0.88	629.239	0.6	
629.719	-0.07	629.719	1.75	629.719	1.22	629.719	0.33	629.719	0.88	629.719	0.6	
630.199	-0.07	630.199	1.75	630.199	1.22	630.199	0.33	630.199	0.88	630.199	0.6	
630.679	-0.07	630.679	1.75	630.679	1.22	630.679	0.33	630.679	0.87	630.679	0.6	
631.16	-0.07	631.16	1.74	631.16	1.21	631.16	0.32	631.16	0.87	631.16	0.6	
631.64	-0.07	631.64	1.73	631.64	1.21	631.64	0.32	631.64	0.87	631.64	0.6	
632.12	-0.07	632.12	1.73	632.12	1.2	632.12	0.32	632.12	0.86	632.12	0.59	
632.6	-0.07	632.6	1.72	632.6	1.2	632.6	0.32	632.6	0.86	632.6	0.59	
633.08	-0.07	633.08	1.71	633.08	1.19	633.08	0.32	633.08	0.85	633.08	0.59	
633.561	-0.07	633.561	1.7	633.561	1.18	633.561	0.32	633.561	0.85	633.561	0.58	
634.041	-0.07	634.041	1.68	634.041	1.17	634.041	0.31	634.041	0.84	634.041	0.58	
634.521	-0.07	634.521	1.67	634.521	1.16	634.521	0.31	634.521	0.83	634.521	0.57	
635.002	-0.07	635.002	1.66	635.002	1.15	635.002	0.31	635.002	0.82	635.002	0.57	
635.482	-0.07	635.482	1.64	635.482	1.13	635.482	0.3	635.482	0.82	635.482	0.56	
635.963	-0.07	635.963	1.62	635.963	1.12	635.963	0.3	635.963	0.81	635.963	0.55	
636.443	-0.07	636.443	1.6	636.443	1.11	636.443	0.3	636.443	0.8	636.443	0.55	
636.924	-0.07	636.924	1.58	636.924	1.09	636.924	0.29	636.924	0.79	636.924	0.54	
637.404	-0.07	637.404	1.56	637.404	1.08	637.404	0.29	637.404	0.77	637.404	0.53	
637.885	-0.07	637.885	1.54	637.885	1.06	637.885	0.28	637.885	0.76	637.885	0.52	
638.366	-0.07	638.366	1.52	638.366	1.04	638.366	0.28	638.366	0.75	638.366	0.51	
638.846	-0.07	638.846	1.49	638.846	1.03	638.846	0.27	638.846	0.74	638.846	0.51	
639.327	-0.07	639.327	1.47	639.327	1.01	639.327	0.27	639.327	0.72	639.327	0.5	
639.808	-0.07	639.808	1.44	639.808	0.99	639.808	0.26	639.808	0.71	639.808	0.49	
640.289	-0.07	640.289	1.42	640.289	0.97	640.289	0.26	640.289	0.7	640.289	0.48	
640.77	-0.07	640.77	1.39	640.77	0.95	640.77	0.25	640.77	0.68	640.77	0.47	
641.25	-0.07	641.25	1.36	641.25	0.93	641.25	0.25	641.25	0.67	641.25	0.46	
641.731	-0.07	641.731	1.34	641.731	0.91	641.731	0.24	641.731	0.65	641.731	0.45	
642.212	-0.07	642.212	1.31	642.212	0.89	642.212	0.23	642.212	0.64	642.212	0.44	
642.693	-0.07	642.693	1.28	642.693	0.87	642.693	0.23	642.693	0.62	642.693	0.43	
643.174	-0.07	643.174	1.25	643.174	0.85	643.174	0.22	643.174	0.61	643.174	0.42	
643.655	-0.07	643.655	1.22	643.655	0.83	643.655	0.22	643.655	0.59	643.655	0.41	
644.136	-0.07	644.136	1.19	644.136	0.81	644.136	0.21	644.136	0.58	644.136	0.39	
644.617	-0.07	644.617	1.16	644.617	0.78	644.617	0.21	644.617	0.56	644.617	0.38	
645.099	-0.07	645.099	1.13	645.099	0.76	645.099	0.2	645.099	0.55	645.099	0.37	
645.58	-0.07	645.58	1.1	645.58	0.74	645.58	0.19	645.58	0.53	645.58	0.36	
646.061	-0.07	646.061	1.07	646.061	0.72	646.061	0.19	646.061	0.52	646.061	0.35	
646.542	-0.07	646.542	1.04	646.542	0.7	646.542	0.18	646.542	0.5	646.542	0.34	
647.024	-0.07	647.024	1.01	647.024	0.68	647.024	0.18	647.024	0.49	647.024	0.33	
647.505	-0.07	647.505	0.98	647.505	0.66	647.505	0.17	647.505	0.47	647.505	0.32	
647.986	-0.07	647.986	0.95	647.986	0.64	647.986	0.17	647.986	0.46	647.986	0.31	
648.468	-0.07	648.468	0.92	648.468	0.62	648.468	0.16	648.468	0.44	648.468	0.3	
648.949	-0.07	648.949	0.89	648.949	0.6	648.949	0.15	648.949	0.43	648.949	0.29	
649.43	-0.07	649.43	0.86	649.43	0.58	649.43	0.15	649.43	0.42	649.43	0.28	
649.912	-0.07	649.912	0.83	649.912	0.56	649.912	0.14	649.912	0.4	649.912	0.27	
650.394	-0.07	650.394	0.81	650.394	0.54	650.394	0.14	650.394	0.39	650.394	0.26	
650.875	-0.07	650.875	0.78	650.875	0.52	650.875	0.13	650.875	0.38	650.875	0.25	
651.357	-0.07	651.357	0.75	651.357	0.5	651.357	0.13	651.357	0.36	651.357	0.24	
651.838	-0.07	651.838	0.73	651.838	0.49	651.838	0.12	651.838	0.35	651.838	0.23	
652.32	-0.07	652.32	0.7	652.32	0.47	652.32	0.12	652.32	0.34	652.32	0.23	
652.802	-0.07	652.802	0.68	652.802	0.45	652.802	0.11	652.802	0.33	652.802	0.22	
653.283	-0.07	653.283	0.65	653.283	0.44	653.283	0.11	653.283	0.31	653.283	0.21	
653.765	-0.07	653.765	0.63	653.765	0.42	653.765	0.11	653.765	0.3	653.765	0.2	
654.247	-0.07	654.247	0.61	654.247	0.4	654.247	0.1	654.247	0.29	654.247	0.19	
654.729	-0.07	654.729	0.58	654.729	0.39	654.729	0.1	654.729	0.28	654.729	0.19	
655.211	-0.07	655.211	0.56	655.211	0.37	655.211	0.09	655.211	0.27	655.211	0.18	
655.693	-0.07	655.693	0.54	655.693	0.36	655.693	0.09	655.693	0.26	655.693	0.17	
656.175	-0.07	656.175	0.52	656.175	0.35	656.175	0.09	656.175	0.25	656.175	0.16	
656.657	-0.07	656.657	0.5	656.657	0.33	656.657	0.08	656.657	0.24	656.657	0.16	
657.139	-0.07	657.139	0.48	657.139	0.32	657.139	0.08	657.139	0.23	657.139	0.15	
657.621	-0.07	657.621	0.46	657.621	0.31	657.621	0.07	657.621	0.22	657.621	0.14	
658.103	-0.07	658.103	0.44	658.103	0.29	658.103	0.07	658.103	0.21	658.103	0.14	
658.585	-0.07	658.585	0.43	658.585	0.28	658.585	0.07	658.585	0.21	658.585	0.13	
659.067	-0.07	659.067	0.41	659.067	0.27	659.067	0.06	659.067	0.2	659.067	0.13	
659.549	-0.07	659.549	0.39	659.549	0.26	659.549	0.06	659.549	0.19	659.549	0.12	
660.031	-0.07	660.031	0.38	660.031	0.25	660.031	0.06	660.031	0.18	660.031	0.12	
660.514	-0.07	660.514	0.36	660.514	0.24	660.514	0.06	660.514	0.17	660.514	0.11	
660.996	-0.07	660.996	0.35	660.996	0.23	660.996	0.05	660.996	0.17	660.996	0.11	
661.478	-0.07	661.478	0.33	661.478	0.22	661.478	0.05	661.478	0.16	661.478	0.1	
661.961	-0.07	661.961	0.32	661.961	0.21	661.961	0.05	661.961	0.15	661.961	0.1	
662.443	-0.07	662.443	0.3	662.443	0.2	662.443	0.05	662.443	0.15	662.443	0.09	
662.926	-0.07	662.926	0.29	662.926	0.19	662.926	0.04	662.926	0.14	662.926	0.09	
663.408	-0.07	663.408	0.28	663.408	0.18	663.408	0.04	663.408	0.14	663.408	0.09	
663.891	-0.07	663.891	0.27	663.891	0.18	663.891	0.04	663.891	0.13	663.891	0.08	
664.373	-0.07	664.373	0.26	664.373	0.17	664.373	0.04	664.373	0.13	664.373	0.08	
664.856	-0.07	664.856	0.25	664.856	0.16	664.856	0.04	664.856	0.12	664.856	0.07	
665.338	-0.07	665.338	0.24	665.338	0.15	665.338	0.03	665.338	0.12	665.338	0.07	
665.821	-0.07	665.821	0.23	665.821	0.15	665.821	0.03	665.821	0.11	665.821	0.07	
666.304	-0.07	666.304	0.22	666.304	0.14	666.304	0.03	666.304	0.11	666.304	0.06	
666.786	-0.07	666.786	0.21	666.786	0.13	666.786	0.03	666.786	0.1	666.786	0.06	
667.269	-0.07	667.269	0.2	667.269	0.13	667.269	0.03	667.269	0.1	667.269	0.06	
667.752	-0.07	667.752	0.19	667.752	0.12	667.752	0.03	667.752	0.09	667.752	0.06	
668.235	-0.07	668.235	0.18	668.235	0.12	668.235	0.02	668.235	0.09	668.235	0.05	
668.718	-0.07	668.718	0.17	668.718	0.11	668.718	0.02	668.718	0.09	668.718	0.05	
669.2	-0.07	669.2	0.17	669.2	0.11	669.2	0.02	669.2	0.08	669.2	0.05	
669.683	-0.07	669.683	0.16	669.683	0.1	669.683	0.02	669.683	0.08	669.683	0.05	
670.166	-0.07	670.166	0.15	670.166	0.1	670.166	0.02	670.166	0.08	670.166	0.04	
670.649	-0.07	670.649	0.14	670.649	0.09	670.649	0.02	670.649	0.07	670.649	0.04	
671.132	-0.07	671.132	0.14	671.132	0.09	671.132	0.02	671.132	0.07	671.132	0.04	
671.615	-0.07	671.615	0.13	671.615	0.08	671.615	0.02	671.615	0.07	671.615	0.04	
672.099	-0.07	672.099	0.13	672.099	0.08	672.099	0.02	672.099	0.07	672.099	0.04	
672.582	-0.07	672.582	0.12	672.582	0.08	672.582	0.01	672.582	0.06	672.582	0.03	
673.065	-0.07	673.065	0.12	673.065	0.07	673.065	0.01	673.065	0.06	673.065	0.03	
673.548	-0.07	673.548	0.11	673.548	0.07	673.548	0.01	673.548	0.06	673.548	0.03	
674.031	-0.07	674.031	0.11	674.031	0.07	674.031	0.01	674.031	0.06	674.031	0.03	
674.515	-0.07	674.515	0.1	674.515	0.06	674.515	0.01	674.515	0.05	674.515	0.03	
674.998	-0.07	674.998	0.1	674.998	0.06	674.998	0.01	674.998	0.05	674.998	0.03	
675.481	-0.07	675.481	0.09	675.481	0.06	675.481	0.01	675.481	0.05	675.481	0.03	
675.965	-0.07	675.965	0.09	675.965	0.06	675.965	0.01	675.965	0.05	675.965	0.02	
676.448	-0.07	676.448	0.09	676.448	0.05	676.448	0.01	676.448	0.05	676.448	0.02	
676.931	-0.07	676.931	0.08	676.931	0.05	676.931	0.01	676.931	0.04	676.931	0.02	
677.415	-0.07	677.415	0.08	677.415	0.05	677.415	0.01	677.415	0.04	677.415	0.02	
677.898	-0.07	677.898	0.07	677.898	0.05	677.898	0.01	677.898	0.04	677.898	0.02	
678.382	-0.07	678.382	0.07	678.382	0.04	678.382	0.01	678.382	0.04	678.382	0.02	
678.866	-0.07	678.866	0.07	678.866	0.04	678.866	0.01	678.866	0.04	678.866	0.02	
679.349	-0.07	679.349	0.07	679.349	0.04	679.349	0.01	679.349	0.04	679.349	0.02	
679.833	-0.07	679.833	0.06	679.833	0.04	679.833	0	679.833	0.04	679.833	0.02	
680.317	-0.07	680.317	0.06	680.317	0.04	680.317	0	680.317	0.04	680.317	0.02	
680.8	-0.07	680.8	0.06	680.8	0.04	680.8	0	680.8	0.03	680.8	0.01	
681.284	-0.07	681.284	0.06	681.284	0.03	681.284	0	681.284	0.03	681.284	0.01	
681.768	-0.07	681.768	0.05	681.768	0.03	681.768	0	681.768	0.03	681.768	0.01	
682.252	-0.07	682.252	0.05	682.252	0.03	682.252	0	682.252	0.03	682.252	0.01	
682.736	-0.07	682.736	0.05	682.736	0.03	682.736	0	682.736	0.03	682.736	0.01	
683.219	-0.07	683.219	0.05	683.219	0.03	683.219	0	683.219	0.03	683.219	0.01	
683.703	-0.07	683.703	0.04	683.703	0.03	683.703	0	683.703	0.03	683.703	0.01	
684.187	-0.07	684.187	0.04	684.187	0.03	684.187	0	684.187	0.03	684.187	0.01	
684.671	-0.07	684.671	0.04	684.671	0.02	684.671	0	684.671	0.03	684.671	0.01	
685.155	-0.07	685.155	0.04	685.155	0.02	685.155	0	685.155	0.03	685.155	0.01	
685.639	-0.07	685.639	0.04	685.639	0.02	685.639	0	685.639	0.03	685.639	0.01	
686.124	-0.07	686.124	0.04	686.124	0.02	686.124	0	686.124	0.02	686.124	0.01	
686.608	-0.07	686.608	0.03	686.608	0.02	686.608	-0	686.608	0.02	686.608	0.01	
687.092	-0.07	687.092	0.03	687.092	0.02	687.092	-0	687.092	0.02	687.092	0.01	
687.576	-0.07	687.576	0.03	687.576	0.02	687.576	-0	687.576	0.02	687.576	0.01	
688.06	-0.07	688.06	0.03	688.06	0.02	688.06	-0	688.06	0.02	688.06	0.01	
688.545	-0.07	688.545	0.03	688.545	0.02	688.545	-0	688.545	0.02	688.545	0.01	
689.029	-0.07	689.029	0.03	689.029	0.02	689.029	-0	689.029	0.02	689.029	0.01	
689.513	-0.07	689.513	0.03	689.513	0.02	689.513	-0	689.513	0.02	689.513	0.01	
689.998	-0.07	689.998	0.03	689.998	0.01	689.998	-0	689.998	0.02	689.998	0	
690.482	-0.07	690.482	0.03	690.482	0.01	690.482	-0	690.482	0.02	690.482	0	
690.967	-0.07	690.967	0.02	690.967	0.01	690.967	-0	690.967	0.02	690.967	0	
691.451	-0.07	691.451	0.02	691.451	0.01	691.451	-0	691.451	0.02	691.451	0	
691.936	-0.07	691.936	0.02	691.936	0.01	691.936	-0	691.936	0.02	691.936	0	
692.42	-0.07	692.42	0.02	692.42	0.01	692.42	-0	692.42	0.02	692.42	0	
692.905	-0.07	692.905	0.02	692.905	0.01	692.905	-0	692.905	0.02	692.905	0	
693.389	-0.07	693.389	0.02	693.389	0.01	693.389	-0	693.389	0.02	693.389	0	
693.874	-0.07	693.874	0.02	693.874	0.01	693.874	-0	693.874	0.02	693.874	0	
694.359	-0.07	694.359	0.02	694.359	0.01	694.359	-0	694.359	0.02	694.359	0	
694.843	-0.07	694.843	0.02	694.843	0.01	694.843	-0	694.843	0.02	694.843	0	
695.328	-0.07	695.328	0.02	695.328	0.01	695.328	-0	695.328	0.02	695.328	0	
695.813	-0.07	695.813	0.02	695.813	0.01	695.813	-0	695.813	0.02	695.813	0	
696.298	-0.07	696.298	0.02	696.298	0.01	696.298	-0	696.298	0.02	696.298	0	
696.783	-0.07	696.783	0.02	696.783	0.01	696.783	-0	696.783	0.02	696.783	0	
697.268	-0.07	697.268	0.02	697.268	0.01	697.268	-0	697.268	0.02	697.268	0	
697.753	-0.07	697.753	0.01	697.753	0.01	697.753	-0	697.753	0.01	697.753	0	
698.238	-0.07	698.238	0.01	698.238	0.01	698.238	-0	698.238	0.01	698.238	0	
698.723	-0.07	698.723	0.01	698.723	0.01	698.723	-0	698.723	0.01	698.723	0	
699.208	-0.07	699.208	0.01	699.208	0.01	699.208	-0	699.208	0.01	699.208	0	
699.693	-0.07	699.693	0.01	699.693	0.01	699.693	-0	699.693	0.01	699.693	0	
700.178	-0.07	700.178	0.01	700.178	0.01	700.178	-0	700.178	0.01	700.178	0	
700.663	-0.07	700.663	0.01	700.663	0.01	700.663	-0	700.663	0.01	700.663	0	
701.148	-0.07	701.148	0.01	701.148	0.01	701.148	-0	701.148	0.01	701.148	0	
701.633	-0.07	701.633	0.01	701.633	0	701.633	-0	701.633	0.01	701.633	0	
702.119	-0.07	702.119	0.01	702.119	0	702.119	-0	702.119	0.01	702.119	0	
702.604	-0.07	702.604	0.01	702.604	0	702.604	-0	702.604	0.01	702.604	0	
703.089	-0.07	703.089	0.01	703.089	0	703.089	-0	703.089	0.01	703.089	-0	
703.574	-0.07	703.574	0.01	703.574	0	703.574	-0	703.574	0.01	703.574	-0	
704.06	-0.07	704.06	0.01	704.06	0	704.06	-0	704.06	0.01	704.06	-0	
704.545	-0.07	704.545	0.01	704.545	0	704.545	-0	704.545	0.01	704.545	-0	
705.031	-0.07	705.031	0.01	705.031	0	705.031	-0	705.031	0.01	705.031	-0	
705.516	-0.07	705.516	0.01	705.516	0	705.516	-0	705.516	0.01	705.516	-0	
706.002	-0.07	706.002	0.01	706.002	0	706.002	-0	706.002	0.01	706.002	-0	
706.487	-0.07	706.487	0.01	706.487	0	706.487	-0	706.487	0.01	706.487	-0	
706.973	-0.07	706.973	0.01	706.973	0	706.973	-0	706.973	0.01	706.973	-0	
707.459	-0.07	707.459	0.01	707.459	0	707.459	-0	707.459	0.01	707.459	-0	
707.944	-0.07	707.944	0.01	707.944	0	707.944	-0	707.944	0.01	707.944	-0	
708.43	-0.07	708.43	0.01	708.43	0	708.43	-0	708.43	0.01	708.43	-0	
708.916	-0.07	708.916	0.01	708.916	0	708.916	-0	708.916	0.01	708.916	-0	
709.401	-0.07	709.401	0.01	709.401	0	709.401	-0	709.401	0.01	709.401	-0	
709.887	-0.07	709.887	0.01	709.887	0	709.887	-0	709.887	0.01	709.887	-0	
710.373	-0.07	710.373	0.01	710.373	0	710.373	-0	710.373	0.01	710.373	-0	
710.859	-0.07	710.859	0.01	710.859	0	710.859	-0	710.859	0.01	710.859	-0	
711.345	-0.07	711.345	0.01	711.345	0	711.345	-0.01	711.345	0.01	711.345	-0	
711.831	-0.07	711.831	0.01	711.831	0	711.831	-0.01	711.831	0.01	711.831	-0	
712.317	-0.07	712.317	0.01	712.317	0	712.317	-0.01	712.317	0.01	712.317	-0	
712.803	-0.07	712.803	0.01	712.803	0	712.803	-0.01	712.803	0.01	712.803	-0	
713.289	-0.07	713.289	0.01	713.289	0	713.289	-0.01	713.289	0.01	713.289	-0	
713.775	-0.07	713.775	0.01	713.775	0	713.775	-0.01	713.775	0.01	713.775	-0	
714.261	-0.07	714.261	0.01	714.261	0	714.261	-0.01	714.261	0.01	714.261	-0	
714.747	-0.07	714.747	0.01	714.747	0	714.747	-0.01	714.747	0.01	714.747	-0	
715.233	-0.07	715.233	0.01	715.233	0	715.233	-0.01	715.233	0.01	715.233	-0	
715.719	-0.07	715.719	0.01	715.719	0	715.719	-0.01	715.719	0.01	715.719	-0	
716.206	-0.07	716.206	0.01	716.206	0	716.206	-0	716.206	0.01	716.206	-0	
716.692	-0.07	716.692	0.01	716.692	0	716.692	-0	716.692	0.01	716.692	-0	
717.178	-0.07	717.178	0.01	717.178	0	717.178	-0	717.178	0.01	717.178	-0	
717.665	-0.07	717.665	0.01	717.665	0	717.665	-0	717.665	0.01	717.665	-0	
718.151	-0.07	718.151	0.01	718.151	0	718.151	-0	718.151	0.01	718.151	-0	
718.637	-0.07	718.637	0.01	718.637	0	718.637	-0	718.637	0.01	718.637	-0	
719.124	-0.07	719.124	0.01	719.124	0	719.124	-0	719.124	0.01	719.124	-0	
719.61	-0.07	719.61	0.01	719.61	0	719.61	-0	719.61	0.01	719.61	-0	
720.097	-0.07	720.097	0	720.097	0	720.097	-0	720.097	0.01	720.097	-0	
720.583	-0.07	720.583	0	720.583	0	720.583	-0	720.583	0.01	720.583	-0	
721.07	-0.07	721.07	0	721.07	0	721.07	-0.01	721.07	0.01	721.07	-0	
721.557	-0.07	721.557	0	721.557	0	721.557	-0.01	721.557	0.01	721.557	-0	
722.043	-0.07	722.043	0	722.043	0	722.043	-0.01	722.043	0.01	722.043	-0	
722.53	-0.07	722.53	0	722.53	0	722.53	-0.01	722.53	0.01	722.53	-0	
723.017	-0.07	723.017	0	723.017	0	723.017	-0.01	723.017	0.01	723.017	-0	
723.504	-0.07	723.504	0	723.504	0	723.504	-0.01	723.504	0.01	723.504	-0	
723.99	-0.07	723.99	0	723.99	0	723.99	-0.01	723.99	0.01	723.99	-0	
724.477	-0.07	724.477	0	724.477	0	724.477	-0.01	724.477	0.01	724.477	-0	
724.964	-0.07	724.964	0	724.964	0	724.964	-0.01	724.964	0.01	724.964	-0	
725.451	-0.07	725.451	0	725.451	0	725.451	-0.01	725.451	0.01	725.451	-0	
725.938	-0.07	725.938	0	725.938	0	725.938	-0.01	725.938	0.01	725.938	-0	
726.425	-0.08	726.425	0	726.425	-0	726.425	-0.01	726.425	0.01	726.425	-0	
726.912	-0.08	726.912	0	726.912	-0	726.912	-0.01	726.912	0.01	726.912	-0	
727.399	-0.08	727.399	0	727.399	-0	727.399	-0.01	727.399	0.01	727.399	-0	
727.886	-0.08	727.886	0	727.886	-0	727.886	-0.01	727.886	0.01	727.886	-0	
728.373	-0.08	728.373	0	728.373	-0	728.373	-0.01	728.373	0.01	728.373	-0	
728.86	-0.08	728.86	0	728.86	0	728.86	-0	728.86	0.01	728.86	-0	
729.347	-0.08	729.347	0	729.347	0	729.347	-0	729.347	0.01	729.347	-0	
729.835	-0.08	729.835	0	729.835	-0	729.835	-0	729.835	0.01	729.835	-0	
730.322	-0.08	730.322	0	730.322	-0	730.322	-0	730.322	0.01	730.322	-0	
730.809	-0.08	730.809	0	730.809	-0	730.809	-0	730.809	0.01	730.809	-0	
731.296	-0.08	731.296	0	731.296	-0	731.296	-0	731.296	0.01	731.296	-0	
731.784	-0.08	731.784	0	731.784	-0	731.784	-0	731.784	0.01	731.784	-0	
732.271	-0.08	732.271	0	732.271	-0	732.271	-0	732.271	0.01	732.271	-0	
732.759	-0.08	732.759	0	732.759	-0	732.759	-0	732.759	0.01	732.759	-0	
733.246	-0.08	733.246	0	733.246	-0	733.246	-0	733.246	0.01	733.246	-0	
733.734	-0.08	733.734	0	733.734	-0	733.734	-0	733.734	0.01	733.734	-0	
734.221	-0.08	734.221	0	734.221	-0	734.221	-0	734.221	0.01	734.221	-0	
734.709	-0.08	734.709	0	734.709	-0	734.709	-0	734.709	0.01	734.709	-0	
735.196	-0.08	735.196	0	735.196	-0	735.196	-0	735.196	0.01	735.196	-0	
735.684	-0.08	735.684	0	735.684	-0	735.684	-0	735.684	0.01	735.684	-0	
736.171	-0.08	736.171	0	736.171	-0	736.171	-0	736.171	0.01	736.171	-0	
736.659	-0.08	736.659	0	736.659	-0	736.659	-0	736.659	0.01	736.659	-0	
737.147	-0.08	737.147	0	737.147	-0	737.147	-0	737.147	0.01	737.147	-0	
737.635	-0.08	737.635	0	737.635	-0	737.635	-0	737.635	0.01	737.635	-0	
738.122	-0.08	738.122	0	738.122	-0	738.122	-0	738.122	0.01	738.122	-0	
738.61	-0.08	738.61	0	738.61	-0	738.61	-0	738.61	0.01	738.61	-0	
739.098	-0.08	739.098	0	739.098	-0	739.098	-0	739.098	0.01	739.098	-0	
739.586	-0.08	739.586	0	739.586	-0	739.586	-0	739.586	0.01	739.586	-0	
740.074	-0.08	740.074	0	740.074	-0	740.074	-0	740.074	0.01	740.074	-0	
740.562	-0.08	740.562	0	740.562	-0	740.562	-0	740.562	0.01	740.562	-0	
741.05	-0.08	741.05	0	741.05	-0	741.05	-0	741.05	0.01	741.05	-0	
741.538	-0.08	741.538	0	741.538	-0	741.538	-0.01	741.538	0.01	741.538	-0	
742.026	-0.08	742.026	0	742.026	-0	742.026	-0.01	742.026	0.01	742.026	-0	
742.514	-0.08	742.514	0	742.514	-0	742.514	-0.01	742.514	0.01	742.514	-0	
743.002	-0.08	743.002	0	743.002	-0	743.002	-0.01	743.002	0.01	743.002	-0	
743.49	-0.08	743.49	0	743.49	-0	743.49	-0.01	743.49	0.01	743.49	-0	
743.979	-0.08	743.979	0	743.979	-0	743.979	-0.01	743.979	0.01	743.979	-0	
744.467	-0.08	744.467	0	744.467	-0	744.467	-0.01	744.467	0.01	744.467	-0	
744.955	-0.08	744.955	0	744.955	-0	744.955	-0.01	744.955	0.01	744.955	-0	
745.443	-0.08	745.443	0	745.443	-0	745.443	-0.01	745.443	0.01	745.443	-0	
745.932	-0.08	745.932	0	745.932	-0	745.932	-0.01	745.932	0.01	745.932	-0	
746.42	-0.08	746.42	0	746.42	-0	746.42	-0.01	746.42	0.01	746.42	-0	
746.909	-0.08	746.909	0	746.909	-0	746.909	-0.01	746.909	0.01	746.909	-0	
747.397	-0.08	747.397	0	747.397	-0	747.397	-0.01	747.397	0.01	747.397	-0	
747.885	-0.08	747.885	0	747.885	-0	747.885	-0.01	747.885	0.01	747.885	-0	
748.374	-0.08	748.374	0	748.374	-0	748.374	-0.01	748.374	0.01	748.374	-0	
748.862	-0.08	748.862	0	748.862	-0	748.862	-0.01	748.862	0.01	748.862	-0	
749.351	-0.08	749.351	0	749.351	-0	749.351	-0.01	749.351	0.01	749.351	-0	
749.84	-0.08	749.84	0	749.84	-0	749.84	-0.01	749.84	0.01	749.84	-0	
750.328	-0.08	750.328	0	750.328	-0	750.328	-0.01	750.328	0.01	750.328	-0	
750.817	-0.08	750.817	0	750.817	-0	750.817	-0.01	750.817	0.01	750.817	-0	
751.306	-0.08	751.306	0	751.306	-0	751.306	-0	751.306	0.01	751.306	-0	
751.794	-0.08	751.794	0	751.794	-0	751.794	-0	751.794	0.01	751.794	-0	
752.283	-0.08	752.283	0	752.283	-0	752.283	-0.01	752.283	0.01	752.283	-0	
752.772	-0.08	752.772	0	752.772	-0	752.772	-0.01	752.772	0.01	752.772	-0	
753.261	-0.08	753.261	0	753.261	-0	753.261	-0.01	753.261	0.01	753.261	-0	
753.75	-0.08	753.75	0	753.75	-0	753.75	-0.01	753.75	0.01	753.75	-0	
754.239	-0.08	754.239	0	754.239	-0	754.239	-0.01	754.239	0.01	754.239	-0	
754.728	-0.08	754.728	0	754.728	-0	754.728	-0.01	754.728	0.01	754.728	-0	
755.217	-0.08	755.217	0	755.217	-0	755.217	-0.01	755.217	0.01	755.217	-0	
755.706	-0.08	755.706	0	755.706	-0	755.706	-0.01	755.706	0.01	755.706	-0	
756.195	-0.08	756.195	0	756.195	-0	756.195	-0.01	756.195	0.01	756.195	-0	
756.684	-0.08	756.684	0	756.684	-0	756.684	-0.01	756.684	0.01	756.684	-0	
757.173	-0.08	757.173	0	757.173	-0	757.173	-0.01	757.173	0.01	757.173	-0	
757.662	-0.08	757.662	0	757.662	-0	757.662	-0.01	757.662	0.01	757.662	-0	
758.151	-0.08	758.151	0	758.151	-0	758.151	-0.01	758.151	0.01	758.151	-0	
758.641	-0.08	758.641	0	758.641	-0	758.641	-0	758.641	0.01	758.641	-0	
759.13	-0.08	759.13	0	759.13	-0	759.13	-0	759.13	0.01	759.13	-0	
759.619	-0.08	759.619	0	759.619	-0	759.619	-0	759.619	0.01	759.619	-0	
760.108	-0.08	760.108	0	760.108	-0	760.108	-0	760.108	0.01	760.108	-0	
760.598	-0.08	760.598	0	760.598	-0	760.598	-0	760.598	0.01	760.598	-0	
761.087	-0.08	761.087	0	761.087	-0	761.087	-0	761.087	0.01	761.087	-0	
761.577	-0.08	761.577	0	761.577	-0	761.577	-0	761.577	0.01	761.577	-0	
762.066	-0.08	762.066	0	762.066	-0	762.066	-0	762.066	0.01	762.066	-0	
762.556	-0.08	762.556	0	762.556	-0	762.556	-0	762.556	0.01	762.556	-0	
763.045	-0.08	763.045	0	763.045	-0	763.045	-0	763.045	0.01	763.045	-0	
763.535	-0.08	763.535	0	763.535	-0	763.535	-0	763.535	0.01	763.535	-0	
764.024	-0.08	764.024	0	764.024	-0	764.024	-0	764.024	0.01	764.024	-0	
764.514	-0.08	764.514	0	764.514	-0	764.514	-0	764.514	0.01	764.514	-0	
765.004	-0.08	765.004	0	765.004	-0	765.004	-0	765.004	0.01	765.004	-0	
765.493	-0.08	765.493	0	765.493	-0	765.493	-0	765.493	0.01	765.493	-0	
765.983	-0.08	765.983	0	765.983	-0	765.983	-0	765.983	0.01	765.983	-0	
766.473	-0.08	766.473	0	766.473	-0	766.473	-0	766.473	0.01	766.473	-0	
766.963	-0.08	766.963	0	766.963	-0	766.963	-0	766.963	0.01	766.963	-0	
767.452	-0.08	767.452	0	767.452	-0	767.452	-0	767.452	0.01	767.452	-0	
767.942	-0.08	767.942	0	767.942	-0	767.942	-0	767.942	0.01	767.942	-0	
768.432	-0.08	768.432	0	768.432	-0	768.432	-0	768.432	0.01	768.432	-0	
768.922	-0.08	768.922	0	768.922	-0	768.922	-0	768.922	0.01	768.922	-0	
769.412	-0.08	769.412	0	769.412	-0	769.412	-0	769.412	0.01	769.412	-0	
769.902	-0.08	769.902	0	769.902	-0	769.902	-0	769.902	0.01	769.902	-0	
770.392	-0.08	770.392	0	770.392	-0	770.392	-0	770.392	0.01	770.392	-0	
770.882	-0.08	770.882	0	770.882	-0	770.882	-0	770.882	0.01	770.882	-0	
771.372	-0.08	771.372	0	771.372	-0	771.372	-0	771.372	0.01	771.372	-0	
771.862	-0.08	771.862	0	771.862	-0	771.862	-0	771.862	0.01	771.862	-0	
772.353	-0.08	772.353	0	772.353	-0	772.353	-0	772.353	0.01	772.353	-0	
772.843	-0.08	772.843	0	772.843	-0	772.843	-0	772.843	0.01	772.843	-0	
773.333	-0.08	773.333	0	773.333	-0	773.333	-0	773.333	0.01	773.333	-0	
773.823	-0.08	773.823	0	773.823	-0	773.823	-0	773.823	0.01	773.823	-0	
774.314	-0.08	774.314	0	774.314	-0	774.314	-0	774.314	0.01	774.314	-0	
774.804	-0.08	774.804	0	774.804	-0	774.804	-0	774.804	0.01	774.804	-0	
775.294	-0.08	775.294	0	775.294	-0	775.294	-0	775.294	0.01	775.294	-0	
775.785	-0.08	775.785	0	775.785	-0	775.785	-0	775.785	0.01	775.785	-0	
776.275	-0.08	776.275	0	776.275	-0	776.275	-0	776.275	0.01	776.275	-0	
776.766	-0.08	776.766	0	776.766	-0	776.766	-0	776.766	0.01	776.766	-0	
777.256	-0.08	777.256	0	777.256	-0	777.256	-0	777.256	0.01	777.256	-0	
777.747	-0.08	777.747	0	777.747	-0	777.747	-0	777.747	0.01	777.747	-0	
778.237	-0.08	778.237	0	778.237	-0	778.237	-0	778.237	0.01	778.237	-0	
778.728	-0.08	778.728	0	778.728	-0	778.728	-0	778.728	0.01	778.728	-0	
779.219	-0.08	779.219	0	779.219	-0	779.219	-0	779.219	0.01	779.219	-0	
779.709	-0.08	779.709	0	779.709	-0	779.709	-0	779.709	0.01	779.709	-0	
780.2	-0.08	780.2	0	780.2	-0	780.2	-0	780.2	0.01	780.2	-0	
780.691	-0.08	780.691	0	780.691	-0	780.691	-0	780.691	0.01	780.691	-0	
781.182	-0.08	781.182	0	781.182	-0	781.182	-0	781.182	0.01	781.182	-0	
781.672	-0.08	781.672	0	781.672	-0	781.672	-0	781.672	0.01	781.672	-0	
782.163	-0.08	782.163	0	782.163	-0	782.163	-0	782.163	0.01	782.163	-0	
782.654	-0.08	782.654	0	782.654	-0	782.654	-0	782.654	0.01	782.654	-0	
783.145	-0.08	783.145	0	783.145	-0	783.145	-0	783.145	0.01	783.145	-0	
783.636	-0.08	783.636	0	783.636	-0	783.636	-0	783.636	0.01	783.636	-0	
784.127	-0.08	784.127	0	784.127	-0	784.127	-0	784.127	0.01	784.127	-0	
784.618	-0.08	784.618	0	784.618	-0	784.618	-0	784.618	0.01	784.618	-0	
785.109	-0.08	785.109	0	785.109	-0	785.109	-0	785.109	0.01	785.109	-0	
785.6	-0.08	785.6	0	785.6	-0	785.6	-0	785.6	0.01	785.6	-0	
786.091	-0.08	786.091	0	786.091	-0	786.091	-0	786.091	0.01	786.091	-0	
786.583	-0.08	786.583	0	786.583	-0	786.583	-0	786.583	0.01	786.583	-0	
787.074	-0.08	787.074	0	787.074	-0	787.074	-0	787.074	0.01	787.074	-0	
787.565	-0.08	787.565	0	787.565	-0	787.565	-0	787.565	0.01	787.565	-0	
788.056	-0.08	788.056	0	788.056	-0	788.056	-0	788.056	0.01	788.056	-0	
788.548	-0.08	788.548	0	788.548	-0	788.548	-0	788.548	0.01	788.548	-0	
789.039	-0.08	789.039	0	789.039	-0	789.039	-0	789.039	0.01	789.039	-0	
789.53	-0.08	789.53	0	789.53	-0	789.53	-0	789.53	0.01	789.53	-0	
790.022	-0.08	790.022	0	790.022	-0	790.022	-0	790.022	0.01	790.022	-0	
790.513	-0.08	790.513	0	790.513	-0	790.513	-0	790.513	0.01	790.513	-0	
791.005	-0.08	791.005	0	791.005	-0	791.005	-0	791.005	0.01	791.005	-0	
791.496	-0.08	791.496	0	791.496	-0	791.496	-0	791.496	0.01	791.496	-0	
791.988	-0.08	791.988	0	791.988	-0	791.988	-0	791.988	0.01	791.988	-0	
792.479	-0.08	792.479	0	792.479	-0	792.479	-0	792.479	0.01	792.479	-0	
792.971	-0.08	792.971	0	792.971	-0	792.971	-0	792.971	0.01	792.971	-0	
793.462	-0.08	793.462	0	793.462	-0	793.462	-0	793.462	0.01	793.462	-0	
793.954	-0.08	793.954	0	793.954	-0	793.954	-0	793.954	0.01	793.954	-0	
794.446	-0.08	794.446	0	794.446	-0	794.446	-0	794.446	0.01	794.446	-0	
794.937	-0.08	794.937	0	794.937	-0	794.937	-0	794.937	0.01	794.937	-0	
795.429	-0.08	795.429	0	795.429	-0	795.429	-0	795.429	0.01	795.429	-0	
795.921	-0.08	795.921	0	795.921	-0	795.921	-0	795.921	0.01	795.921	-0	
796.413	-0.08	796.413	0	796.413	-0	796.413	-0	796.413	0.01	796.413	-0	
796.905	-0.08	796.905	0	796.905	-0	796.905	-0	796.905	0.01	796.905	-0	
797.397	-0.08	797.397	0	797.397	-0	797.397	-0	797.397	0.01	797.397	-0	
797.889	-0.08	797.889	0	797.889	-0	797.889	-0	797.889	0.01	797.889	-0	
798.381	-0.08	798.381	0	798.381	-0	798.381	-0	798.381	0.01	798.381	-0	
798.873	-0.08	798.873	0	798.873	-0	798.873	-0	798.873	0.01	798.873	-0	
799.365	-0.08	799.365	0	799.365	-0	799.365	-0	799.365	0.01	799.365	-0	
799.857	-0.08	799.857	0	799.857	-0	799.857	-0	799.857	0.01	799.857	-0	
800.349	-0.08	800.349	0	800.349	-0	800.349	-0	800.349	0.01	800.349	-0	
800.841	-0.08	800.841	0	800.841	-0	800.841	-0	800.841	0.01	800.841	-0	
801.333	-0.08	801.333	0	801.333	-0	801.333	-0	801.333	0.01	801.333	-0	
801.825	-0.08	801.825	0	801.825	-0	801.825	-0	801.825	0.01	801.825	-0	
802.318	-0.08	802.318	0	802.318	-0	802.318	-0	802.318	0.01	802.318	-0	
802.81	-0.08	802.81	0	802.81	-0	802.81	-0	802.81	0.01	802.81	-0	
803.302	-0.08	803.302	0	803.302	-0	803.302	-0	803.302	0.01	803.302	-0	
803.794	-0.08	803.794	0	803.794	-0	803.794	-0	803.794	0.01	803.794	-0	
804.287	-0.08	804.287	0	804.287	-0	804.287	-0	804.287	0.01	804.287	-0	
804.779	-0.08	804.779	0	804.779	-0	804.779	-0	804.779	0.01	804.779	-0	
805.272	-0.08	805.272	0	805.272	-0	805.272	-0	805.272	0.01	805.272	-0	
805.764	-0.08	805.764	0	805.764	-0	805.764	-0	805.764	0.01	805.764	-0	
806.257	-0.08	806.257	0	806.257	-0	806.257	-0	806.257	0.01	806.257	-0	
806.749	-0.08	806.749	0	806.749	-0	806.749	-0	806.749	0.01	806.749	-0	
807.242	-0.08	807.242	0	807.242	-0	807.242	-0	807.242	0.01	807.242	-0	
807.734	-0.08	807.734	0	807.734	-0	807.734	-0	807.734	0.01	807.734	-0	
808.227	-0.08	808.227	0	808.227	-0	808.227	-0	808.227	0.01	808.227	-0	
808.72	-0.08	808.72	0	808.72	-0	808.72	-0	808.72	0.01	808.72	-0	
809.212	-0.08	809.212	0	809.212	-0	809.212	-0	809.212	0.01	809.212	-0	
809.705	-0.08	809.705	0	809.705	-0	809.705	-0	809.705	0.01	809.705	-0	
810.198	-0.08	810.198	0	810.198	-0	810.198	-0	810.198	0.01	810.198	-0	
810.691	-0.08	810.691	0	810.691	-0	810.691	-0	810.691	0.01	810.691	-0	
811.184	-0.08	811.184	0	811.184	-0	811.184	-0	811.184	0.01	811.184	-0	
811.676	-0.08	811.676	0	811.676	-0	811.676	-0	811.676	0.01	811.676	-0	
812.169	-0.08	812.169	0	812.169	-0	812.169	-0	812.169	0.01	812.169	-0	
812.662	-0.08	812.662	0	812.662	-0	812.662	-0	812.662	0.01	812.662	-0	
813.155	-0.08	813.155	0	813.155	-0	813.155	-0	813.155	0.01	813.155	-0	
813.648	-0.08	813.648	0	813.648	-0	813.648	-0	813.648	0.01	813.648	-0	
814.141	-0.08	814.141	0	814.141	-0	814.141	-0	814.141	0.01	814.141	-0	
814.634	-0.08	814.634	0	814.634	-0	814.634	-0	814.634	0.01	814.634	-0	
815.128	-0.08	815.128	0	815.128	-0	815.128	-0	815.128	0.01	815.128	-0	
815.621	-0.08	815.621	0	815.621	-0	815.621	-0	815.621	0.01	815.621	-0	
816.114	-0.08	816.114	0	816.114	-0	816.114	-0	816.114	0.01	816.114	-0	
816.607	-0.08	816.607	0	816.607	-0	816.607	-0	816.607	0.01	816.607	-0	
817.1	-0.08	817.1	0	817.1	-0	817.1	-0	817.1	0.01	817.1	-0	
817.594	-0.08	817.594	0	817.594	-0	817.594	-0	817.594	0.01	817.594	-0	
818.087	-0.08	818.087	0	818.087	-0	818.087	-0	818.087	0.01	818.087	-0	
818.58	-0.08	818.58	0	818.58	-0	818.58	-0	818.58	0.01	818.58	-0	
819.074	-0.08	819.074	0	819.074	-0	819.074	-0	819.074	0.01	819.074	-0	
819.567	-0.08	819.567	0	819.567	-0	819.567	-0	819.567	0.01	819.567	-0	
820.061	-0.08	820.061	0	820.061	-0	820.061	-0	820.061	0.01	820.061	-0	
820.554	-0.08	820.554	0	820.554	-0	820.554	-0	820.554	0.01	820.554	-0	
821.048	-0.08	821.048	0	821.048	-0	821.048	-0	821.048	0.01	821.048	-0	
821.541	-0.08	821.541	0	821.541	-0	821.541	-0	821.541	0.01	821.541	-0	
822.035	-0.08	822.035	0	822.035	-0	822.035	-0	822.035	0.01	822.035	-0	
822.528	-0.08	822.528	0	822.528	-0	822.528	-0	822.528	0.01	822.528	-0	
823.022	-0.08	823.022	0	823.022	-0	823.022	-0	823.022	0.01	823.022	-0	
