336.256	0.09	336.256	0.06	336.256	0.11	336.256	0.02	336.256	0.03	336.256	-0.05	
336.714	0.07	336.714	0.06	336.714	0.08	336.714	0.03	336.714	0.01	336.714	-0.06	
337.171	0.08	337.171	0.05	337.171	0.08	337.171	0.01	337.171	0.03	337.171	-0.06	
337.628	0.07	337.628	0.05	337.628	0.06	337.628	0	337.628	0.01	337.628	-0.07	
338.086	0.06	338.086	0.04	338.086	0.06	338.086	-0	338.086	0	338.086	-0.08	
338.543	0.06	338.543	0.04	338.543	0.05	338.543	-0	338.543	0	338.543	-0.08	
339.001	0.06	339.001	0.03	339.001	0.03	339.001	-0.02	339.001	-0.01	339.001	-0.08	
339.458	0.04	339.458	0.02	339.458	0.03	339.458	-0.03	339.458	-0.01	339.458	-0.11	
339.916	0.02	339.916	0.01	339.916	0.03	339.916	-0.03	339.916	-0.03	339.916	-0.13	
340.373	0.04	340.373	0.02	340.373	0.03	340.373	-0.01	340.373	-0.02	340.373	-0.13	
340.831	0.04	340.831	-0	340.831	0.02	340.831	-0.01	340.831	-0.02	340.831	-0.12	
341.289	0.04	341.289	0	341.289	0.01	341.289	-0.01	341.289	-0.03	341.289	-0.12	
341.746	0.05	341.746	0.01	341.746	0.02	341.746	-0.02	341.746	-0.03	341.746	-0.12	
342.204	0.04	342.204	-0	342.204	0.01	342.204	-0.03	342.204	-0.05	342.204	-0.14	
342.662	0.05	342.662	-0	342.662	0.01	342.662	-0.03	342.662	-0.04	342.662	-0.14	
343.12	0.06	343.12	0.02	343.12	0.01	343.12	-0.01	343.12	-0.02	343.12	-0.13	
343.578	0.06	343.578	0.02	343.578	0.03	343.578	0	343.578	-0.01	343.578	-0.13	
344.035	0.04	344.035	0.03	344.035	0.02	344.035	0.01	344.035	-0.02	344.035	-0.14	
344.493	0.05	344.493	0.03	344.493	0.03	344.493	0.02	344.493	-0.02	344.493	-0.13	
344.951	0.06	344.951	0.04	344.951	0.02	344.951	0.02	344.951	-0	344.951	-0.12	
345.409	0.04	345.409	0.05	345.409	0.01	345.409	0.01	345.409	-0.01	345.409	-0.13	
345.867	0.02	345.867	0.05	345.867	0.01	345.867	0.01	345.867	-0.01	345.867	-0.14	
346.325	0.02	346.325	0.04	346.325	0.01	346.325	0.01	346.325	0.01	346.325	-0.14	
346.784	0.01	346.784	0.03	346.784	0.02	346.784	0	346.784	0.01	346.784	-0.14	
347.242	0.02	347.242	0.05	347.242	0.02	347.242	0.02	347.242	0.01	347.242	-0.13	
347.7	0.01	347.7	0.05	347.7	0.02	347.7	0.03	347.7	0	347.7	-0.13	
348.158	0.01	348.158	0.04	348.158	0.03	348.158	0.03	348.158	-0.01	348.158	-0.13	
348.616	0.02	348.616	0.05	348.616	0.02	348.616	0.03	348.616	-0.01	348.616	-0.13	
349.075	0.04	349.075	0.05	349.075	0.03	349.075	0.02	349.075	-0.01	349.075	-0.12	
349.533	0.05	349.533	0.06	349.533	0.03	349.533	0.03	349.533	0	349.533	-0.11	
349.992	0.05	349.992	0.06	349.992	0.04	349.992	0.04	349.992	0	349.992	-0.11	
350.45	0.06	350.45	0.06	350.45	0.04	350.45	0.04	350.45	0.01	350.45	-0.11	
350.908	0.06	350.908	0.06	350.908	0.04	350.908	0.03	350.908	-0	350.908	-0.11	
351.367	0.07	351.367	0.07	351.367	0.05	351.367	0.03	351.367	-0	351.367	-0.12	
351.825	0.07	351.825	0.08	351.825	0.05	351.825	0.05	351.825	0.02	351.825	-0.1	
352.284	0.08	352.284	0.08	352.284	0.05	352.284	0.06	352.284	0.02	352.284	-0.09	
352.743	0.09	352.743	0.08	352.743	0.05	352.743	0.05	352.743	0.02	352.743	-0.09	
353.201	0.1	353.201	0.08	353.201	0.05	353.201	0.05	353.201	0.03	353.201	-0.09	
353.66	0.1	353.66	0.07	353.66	0.06	353.66	0.04	353.66	0.03	353.66	-0.09	
354.119	0.08	354.119	0.07	354.119	0.05	354.119	0.04	354.119	0.03	354.119	-0.09	
354.577	0.08	354.577	0.06	354.577	0.06	354.577	0.04	354.577	0.03	354.577	-0.09	
355.036	0.07	355.036	0.07	355.036	0.05	355.036	0.04	355.036	0.02	355.036	-0.09	
355.495	0.08	355.495	0.07	355.495	0.06	355.495	0.05	355.495	0.03	355.495	-0.08	
355.954	0.09	355.954	0.08	355.954	0.07	355.954	0.07	355.954	0.05	355.954	-0.07	
356.413	0.09	356.413	0.08	356.413	0.07	356.413	0.06	356.413	0.04	356.413	-0.06	
356.872	0.09	356.872	0.08	356.872	0.07	356.872	0.06	356.872	0.04	356.872	-0.07	
357.331	0.09	357.331	0.08	357.331	0.07	357.331	0.06	357.331	0.03	357.331	-0.07	
357.79	0.09	357.79	0.09	357.79	0.07	357.79	0.06	357.79	0.03	357.79	-0.07	
358.249	0.09	358.249	0.1	358.249	0.08	358.249	0.06	358.249	0.04	358.249	-0.07	
358.708	0.08	358.708	0.1	358.708	0.07	358.708	0.07	358.708	0.04	358.708	-0.07	
359.167	0.1	359.167	0.1	359.167	0.08	359.167	0.07	359.167	0.04	359.167	-0.07	
359.626	0.1	359.626	0.11	359.626	0.08	359.626	0.07	359.626	0.04	359.626	-0.07	
360.085	0.11	360.085	0.12	360.085	0.07	360.085	0.07	360.085	0.05	360.085	-0.06	
360.545	0.11	360.545	0.12	360.545	0.07	360.545	0.07	360.545	0.04	360.545	-0.06	
361.004	0.12	361.004	0.12	361.004	0.06	361.004	0.06	361.004	0.04	361.004	-0.07	
361.463	0.12	361.463	0.12	361.463	0.07	361.463	0.07	361.463	0.04	361.463	-0.07	
361.923	0.12	361.923	0.13	361.923	0.06	361.923	0.07	361.923	0.03	361.923	-0.07	
362.382	0.12	362.382	0.13	362.382	0.06	362.382	0.07	362.382	0.04	362.382	-0.08	
362.842	0.12	362.842	0.12	362.842	0.06	362.842	0.07	362.842	0.03	362.842	-0.08	
363.301	0.12	363.301	0.13	363.301	0.06	363.301	0.07	363.301	0.03	363.301	-0.08	
363.76	0.13	363.76	0.13	363.76	0.06	363.76	0.07	363.76	0.04	363.76	-0.07	
364.22	0.12	364.22	0.14	364.22	0.06	364.22	0.07	364.22	0.03	364.22	-0.08	
364.68	0.12	364.68	0.13	364.68	0.06	364.68	0.07	364.68	0.03	364.68	-0.08	
365.139	0.12	365.139	0.14	365.139	0.06	365.139	0.07	365.139	0.03	365.139	-0.08	
365.599	0.13	365.599	0.14	365.599	0.07	365.599	0.08	365.599	0.03	365.599	-0.07	
366.059	0.13	366.059	0.15	366.059	0.07	366.059	0.08	366.059	0.03	366.059	-0.07	
366.518	0.13	366.518	0.15	366.518	0.07	366.518	0.08	366.518	0.04	366.518	-0.07	
366.978	0.13	366.978	0.15	366.978	0.08	366.978	0.08	366.978	0.04	366.978	-0.07	
367.438	0.13	367.438	0.15	367.438	0.08	367.438	0.09	367.438	0.04	367.438	-0.07	
367.898	0.14	367.898	0.15	367.898	0.08	367.898	0.09	367.898	0.04	367.898	-0.07	
368.358	0.14	368.358	0.15	368.358	0.08	368.358	0.09	368.358	0.05	368.358	-0.06	
368.818	0.14	368.818	0.16	368.818	0.08	368.818	0.09	368.818	0.04	368.818	-0.07	
369.278	0.14	369.278	0.16	369.278	0.08	369.278	0.1	369.278	0.04	369.278	-0.06	
369.737	0.15	369.737	0.16	369.737	0.09	369.737	0.1	369.737	0.04	369.737	-0.06	
370.198	0.15	370.198	0.17	370.198	0.08	370.198	0.1	370.198	0.04	370.198	-0.06	
370.658	0.15	370.658	0.17	370.658	0.08	370.658	0.1	370.658	0.04	370.658	-0.07	
371.118	0.15	371.118	0.17	371.118	0.09	371.118	0.11	371.118	0.04	371.118	-0.07	
371.578	0.14	371.578	0.17	371.578	0.09	371.578	0.11	371.578	0.04	371.578	-0.07	
372.038	0.15	372.038	0.17	372.038	0.08	372.038	0.11	372.038	0.04	372.038	-0.07	
372.498	0.15	372.498	0.18	372.498	0.08	372.498	0.11	372.498	0.05	372.498	-0.07	
372.959	0.15	372.959	0.18	372.959	0.08	372.959	0.11	372.959	0.05	372.959	-0.07	
373.419	0.15	373.419	0.19	373.419	0.08	373.419	0.12	373.419	0.05	373.419	-0.07	
373.879	0.16	373.879	0.19	373.879	0.08	373.879	0.12	373.879	0.05	373.879	-0.07	
374.339	0.16	374.339	0.2	374.339	0.08	374.339	0.12	374.339	0.05	374.339	-0.07	
374.8	0.17	374.8	0.2	374.8	0.08	374.8	0.13	374.8	0.05	374.8	-0.08	
375.26	0.17	375.26	0.19	375.26	0.09	375.26	0.12	375.26	0.05	375.26	-0.07	
375.721	0.17	375.721	0.2	375.721	0.08	375.721	0.12	375.721	0.05	375.721	-0.07	
376.181	0.17	376.181	0.2	376.181	0.08	376.181	0.12	376.181	0.05	376.181	-0.07	
376.642	0.18	376.642	0.2	376.642	0.08	376.642	0.13	376.642	0.05	376.642	-0.07	
377.102	0.18	377.102	0.21	377.102	0.09	377.102	0.13	377.102	0.05	377.102	-0.07	
377.563	0.19	377.563	0.21	377.563	0.09	377.563	0.13	377.563	0.05	377.563	-0.07	
378.024	0.2	378.024	0.22	378.024	0.09	378.024	0.13	378.024	0.05	378.024	-0.07	
378.484	0.2	378.484	0.23	378.484	0.09	378.484	0.13	378.484	0.05	378.484	-0.07	
378.945	0.2	378.945	0.23	378.945	0.1	378.945	0.13	378.945	0.05	378.945	-0.07	
379.406	0.21	379.406	0.23	379.406	0.1	379.406	0.14	379.406	0.05	379.406	-0.07	
379.867	0.21	379.867	0.24	379.867	0.1	379.867	0.14	379.867	0.05	379.867	-0.06	
380.328	0.22	380.328	0.24	380.328	0.1	380.328	0.14	380.328	0.05	380.328	-0.06	
380.789	0.22	380.789	0.25	380.789	0.11	380.789	0.15	380.789	0.05	380.789	-0.07	
381.249	0.22	381.249	0.26	381.249	0.11	381.249	0.14	381.249	0.05	381.249	-0.06	
381.71	0.23	381.71	0.26	381.71	0.11	381.71	0.15	381.71	0.06	381.71	-0.06	
382.171	0.23	382.171	0.27	382.171	0.11	382.171	0.16	382.171	0.06	382.171	-0.06	
382.632	0.24	382.632	0.27	382.632	0.12	382.632	0.16	382.632	0.06	382.632	-0.06	
383.094	0.24	383.094	0.28	383.094	0.12	383.094	0.16	383.094	0.06	383.094	-0.06	
383.555	0.24	383.555	0.28	383.555	0.12	383.555	0.17	383.555	0.06	383.555	-0.06	
384.016	0.24	384.016	0.28	384.016	0.12	384.016	0.16	384.016	0.06	384.016	-0.06	
384.477	0.24	384.477	0.28	384.477	0.12	384.477	0.17	384.477	0.06	384.477	-0.06	
384.938	0.25	384.938	0.29	384.938	0.12	384.938	0.17	384.938	0.07	384.938	-0.07	
385.399	0.25	385.399	0.3	385.399	0.12	385.399	0.17	385.399	0.06	385.399	-0.07	
385.861	0.25	385.861	0.3	385.861	0.12	385.861	0.18	385.861	0.07	385.861	-0.07	
386.322	0.25	386.322	0.3	386.322	0.12	386.322	0.18	386.322	0.06	386.322	-0.07	
386.783	0.26	386.783	0.3	386.783	0.12	386.783	0.18	386.783	0.06	386.783	-0.07	
387.245	0.26	387.245	0.3	387.245	0.12	387.245	0.18	387.245	0.07	387.245	-0.07	
387.706	0.27	387.706	0.31	387.706	0.12	387.706	0.18	387.706	0.07	387.706	-0.07	
388.168	0.26	388.168	0.31	388.168	0.13	388.168	0.18	388.168	0.07	388.168	-0.07	
388.629	0.26	388.629	0.31	388.629	0.12	388.629	0.17	388.629	0.07	388.629	-0.07	
389.091	0.27	389.091	0.31	389.091	0.12	389.091	0.18	389.091	0.06	389.091	-0.07	
389.553	0.26	389.553	0.32	389.553	0.13	389.553	0.18	389.553	0.06	389.553	-0.07	
390.014	0.26	390.014	0.32	390.014	0.13	390.014	0.18	390.014	0.06	390.014	-0.07	
390.476	0.27	390.476	0.32	390.476	0.13	390.476	0.18	390.476	0.07	390.476	-0.07	
390.938	0.27	390.938	0.33	390.938	0.13	390.938	0.19	390.938	0.07	390.938	-0.07	
391.399	0.28	391.399	0.34	391.399	0.14	391.399	0.19	391.399	0.07	391.399	-0.07	
391.861	0.28	391.861	0.34	391.861	0.14	391.861	0.19	391.861	0.07	391.861	-0.07	
392.323	0.28	392.323	0.35	392.323	0.14	392.323	0.19	392.323	0.07	392.323	-0.06	
392.785	0.29	392.785	0.36	392.785	0.14	392.785	0.2	392.785	0.07	392.785	-0.07	
393.247	0.29	393.247	0.36	393.247	0.14	393.247	0.2	393.247	0.08	393.247	-0.06	
393.709	0.29	393.709	0.36	393.709	0.14	393.709	0.21	393.709	0.08	393.709	-0.06	
394.17	0.3	394.17	0.37	394.17	0.14	394.17	0.21	394.17	0.08	394.17	-0.06	
394.633	0.3	394.633	0.37	394.633	0.15	394.633	0.21	394.633	0.08	394.633	-0.06	
395.095	0.31	395.095	0.38	395.095	0.15	395.095	0.21	395.095	0.08	395.095	-0.06	
395.557	0.31	395.557	0.38	395.557	0.15	395.557	0.21	395.557	0.08	395.557	-0.06	
396.019	0.31	396.019	0.38	396.019	0.15	396.019	0.21	396.019	0.08	396.019	-0.06	
396.481	0.31	396.481	0.38	396.481	0.15	396.481	0.21	396.481	0.08	396.481	-0.06	
396.943	0.31	396.943	0.38	396.943	0.15	396.943	0.22	396.943	0.08	396.943	-0.06	
397.405	0.31	397.405	0.38	397.405	0.15	397.405	0.22	397.405	0.08	397.405	-0.06	
397.868	0.32	397.868	0.38	397.868	0.15	397.868	0.22	397.868	0.08	397.868	-0.06	
398.33	0.32	398.33	0.38	398.33	0.15	398.33	0.22	398.33	0.08	398.33	-0.06	
398.792	0.32	398.792	0.39	398.792	0.15	398.792	0.22	398.792	0.08	398.792	-0.06	
399.255	0.32	399.255	0.39	399.255	0.15	399.255	0.22	399.255	0.08	399.255	-0.06	
399.717	0.33	399.717	0.39	399.717	0.15	399.717	0.22	399.717	0.08	399.717	-0.06	
400.179	0.33	400.179	0.39	400.179	0.16	400.179	0.23	400.179	0.08	400.179	-0.06	
400.642	0.33	400.642	0.4	400.642	0.16	400.642	0.23	400.642	0.08	400.642	-0.06	
401.104	0.33	401.104	0.4	401.104	0.16	401.104	0.23	401.104	0.08	401.104	-0.06	
401.567	0.33	401.567	0.4	401.567	0.16	401.567	0.23	401.567	0.08	401.567	-0.06	
402.03	0.33	402.03	0.41	402.03	0.16	402.03	0.23	402.03	0.08	402.03	-0.06	
402.492	0.34	402.492	0.41	402.492	0.16	402.492	0.23	402.492	0.09	402.492	-0.06	
402.955	0.34	402.955	0.41	402.955	0.17	402.955	0.23	402.955	0.09	402.955	-0.06	
403.418	0.34	403.418	0.41	403.418	0.17	403.418	0.24	403.418	0.09	403.418	-0.06	
403.88	0.34	403.88	0.42	403.88	0.17	403.88	0.24	403.88	0.09	403.88	-0.06	
404.343	0.35	404.343	0.42	404.343	0.17	404.343	0.24	404.343	0.09	404.343	-0.06	
404.806	0.35	404.806	0.42	404.806	0.17	404.806	0.24	404.806	0.09	404.806	-0.06	
405.269	0.35	405.269	0.42	405.269	0.17	405.269	0.24	405.269	0.09	405.269	-0.06	
405.732	0.35	405.732	0.42	405.732	0.17	405.732	0.24	405.732	0.09	405.732	-0.06	
406.195	0.35	406.195	0.43	406.195	0.17	406.195	0.25	406.195	0.09	406.195	-0.06	
406.658	0.36	406.658	0.43	406.658	0.17	406.658	0.25	406.658	0.09	406.658	-0.06	
407.121	0.36	407.121	0.43	407.121	0.17	407.121	0.25	407.121	0.09	407.121	-0.06	
407.584	0.36	407.584	0.43	407.584	0.17	407.584	0.25	407.584	0.09	407.584	-0.06	
408.047	0.36	408.047	0.44	408.047	0.17	408.047	0.25	408.047	0.09	408.047	-0.06	
408.51	0.37	408.51	0.44	408.51	0.18	408.51	0.25	408.51	0.09	408.51	-0.06	
408.973	0.37	408.973	0.44	408.973	0.18	408.973	0.25	408.973	0.09	408.973	-0.06	
409.436	0.36	409.436	0.45	409.436	0.18	409.436	0.25	409.436	0.09	409.436	-0.06	
409.899	0.37	409.899	0.45	409.899	0.18	409.899	0.25	409.899	0.09	409.899	-0.06	
410.363	0.37	410.363	0.45	410.363	0.18	410.363	0.26	410.363	0.09	410.363	-0.06	
410.826	0.37	410.826	0.45	410.826	0.18	410.826	0.26	410.826	0.09	410.826	-0.06	
411.289	0.37	411.289	0.45	411.289	0.18	411.289	0.26	411.289	0.09	411.289	-0.06	
411.753	0.37	411.753	0.45	411.753	0.18	411.753	0.26	411.753	0.09	411.753	-0.06	
412.216	0.37	412.216	0.45	412.216	0.18	412.216	0.26	412.216	0.1	412.216	-0.06	
412.68	0.37	412.68	0.45	412.68	0.18	412.68	0.26	412.68	0.1	412.68	-0.06	
413.143	0.37	413.143	0.46	413.143	0.18	413.143	0.26	413.143	0.1	413.143	-0.06	
413.607	0.37	413.607	0.46	413.607	0.18	413.607	0.26	413.607	0.1	413.607	-0.06	
414.07	0.37	414.07	0.46	414.07	0.18	414.07	0.26	414.07	0.1	414.07	-0.06	
414.534	0.38	414.534	0.46	414.534	0.18	414.534	0.26	414.534	0.1	414.534	-0.06	
414.997	0.38	414.997	0.46	414.997	0.18	414.997	0.26	414.997	0.1	414.997	-0.06	
415.461	0.38	415.461	0.47	415.461	0.18	415.461	0.26	415.461	0.1	415.461	-0.06	
415.925	0.38	415.925	0.47	415.925	0.18	415.925	0.26	415.925	0.1	415.925	-0.06	
416.388	0.38	416.388	0.47	416.388	0.18	416.388	0.27	416.388	0.1	416.388	-0.06	
416.852	0.39	416.852	0.47	416.852	0.19	416.852	0.27	416.852	0.1	416.852	-0.06	
417.316	0.39	417.316	0.47	417.316	0.19	417.316	0.27	417.316	0.1	417.316	-0.06	
417.78	0.39	417.78	0.47	417.78	0.19	417.78	0.27	417.78	0.1	417.78	-0.06	
418.244	0.39	418.244	0.47	418.244	0.19	418.244	0.27	418.244	0.1	418.244	-0.06	
418.708	0.39	418.708	0.48	418.708	0.19	418.708	0.27	418.708	0.1	418.708	-0.06	
419.172	0.39	419.172	0.48	419.172	0.19	419.172	0.27	419.172	0.1	419.172	-0.06	
419.636	0.39	419.636	0.48	419.636	0.19	419.636	0.27	419.636	0.1	419.636	-0.06	
420.1	0.39	420.1	0.48	420.1	0.19	420.1	0.27	420.1	0.1	420.1	-0.06	
420.564	0.39	420.564	0.48	420.564	0.19	420.564	0.27	420.564	0.1	420.564	-0.06	
421.028	0.39	421.028	0.48	421.028	0.19	421.028	0.28	421.028	0.1	421.028	-0.06	
421.492	0.39	421.492	0.48	421.492	0.19	421.492	0.27	421.492	0.1	421.492	-0.06	
421.956	0.39	421.956	0.48	421.956	0.19	421.956	0.28	421.956	0.1	421.956	-0.06	
422.421	0.39	422.421	0.48	422.421	0.19	422.421	0.28	422.421	0.1	422.421	-0.06	
422.885	0.39	422.885	0.48	422.885	0.19	422.885	0.27	422.885	0.1	422.885	-0.06	
423.349	0.4	423.349	0.48	423.349	0.19	423.349	0.27	423.349	0.1	423.349	-0.06	
423.813	0.4	423.813	0.48	423.813	0.19	423.813	0.27	423.813	0.1	423.813	-0.06	
424.278	0.4	424.278	0.48	424.278	0.19	424.278	0.28	424.278	0.1	424.278	-0.06	
424.742	0.4	424.742	0.49	424.742	0.19	424.742	0.28	424.742	0.1	424.742	-0.06	
425.207	0.4	425.207	0.49	425.207	0.19	425.207	0.28	425.207	0.1	425.207	-0.06	
425.671	0.4	425.671	0.49	425.671	0.19	425.671	0.28	425.671	0.1	425.671	-0.06	
426.136	0.4	426.136	0.49	426.136	0.19	426.136	0.28	426.136	0.1	426.136	-0.06	
426.6	0.4	426.6	0.49	426.6	0.19	426.6	0.28	426.6	0.1	426.6	-0.06	
427.065	0.4	427.065	0.49	427.065	0.19	427.065	0.28	427.065	0.1	427.065	-0.06	
427.529	0.4	427.529	0.49	427.529	0.19	427.529	0.28	427.529	0.1	427.529	-0.06	
427.994	0.4	427.994	0.49	427.994	0.19	427.994	0.28	427.994	0.1	427.994	-0.06	
428.459	0.4	428.459	0.49	428.459	0.19	428.459	0.28	428.459	0.1	428.459	-0.06	
428.924	0.4	428.924	0.5	428.924	0.19	428.924	0.28	428.924	0.1	428.924	-0.06	
429.388	0.4	429.388	0.5	429.388	0.19	429.388	0.28	429.388	0.1	429.388	-0.06	
429.853	0.4	429.853	0.49	429.853	0.19	429.853	0.28	429.853	0.1	429.853	-0.06	
430.318	0.4	430.318	0.5	430.318	0.19	430.318	0.28	430.318	0.1	430.318	-0.06	
430.783	0.4	430.783	0.49	430.783	0.19	430.783	0.28	430.783	0.1	430.783	-0.06	
431.248	0.4	431.248	0.49	431.248	0.19	431.248	0.28	431.248	0.1	431.248	-0.06	
431.713	0.4	431.713	0.49	431.713	0.19	431.713	0.28	431.713	0.1	431.713	-0.06	
432.178	0.4	432.178	0.49	432.178	0.19	432.178	0.28	432.178	0.1	432.178	-0.06	
432.643	0.4	432.643	0.49	432.643	0.19	432.643	0.28	432.643	0.1	432.643	-0.06	
433.108	0.4	433.108	0.49	433.108	0.19	433.108	0.28	433.108	0.1	433.108	-0.06	
433.573	0.4	433.573	0.49	433.573	0.19	433.573	0.28	433.573	0.1	433.573	-0.06	
434.038	0.4	434.038	0.49	434.038	0.19	434.038	0.28	434.038	0.1	434.038	-0.06	
434.503	0.4	434.503	0.49	434.503	0.19	434.503	0.28	434.503	0.1	434.503	-0.06	
434.968	0.4	434.968	0.49	434.968	0.19	434.968	0.28	434.968	0.1	434.968	-0.06	
435.434	0.4	435.434	0.49	435.434	0.19	435.434	0.28	435.434	0.1	435.434	-0.06	
435.899	0.4	435.899	0.49	435.899	0.19	435.899	0.28	435.899	0.1	435.899	-0.06	
436.364	0.4	436.364	0.49	436.364	0.19	436.364	0.27	436.364	0.1	436.364	-0.06	
436.83	0.4	436.83	0.49	436.83	0.19	436.83	0.27	436.83	0.1	436.83	-0.06	
437.295	0.4	437.295	0.49	437.295	0.19	437.295	0.27	437.295	0.1	437.295	-0.06	
437.761	0.4	437.761	0.49	437.761	0.19	437.761	0.27	437.761	0.1	437.761	-0.06	
438.226	0.4	438.226	0.49	438.226	0.19	438.226	0.27	438.226	0.1	438.226	-0.06	
438.692	0.4	438.692	0.48	438.692	0.19	438.692	0.27	438.692	0.1	438.692	-0.06	
439.157	0.39	439.157	0.48	439.157	0.19	439.157	0.27	439.157	0.1	439.157	-0.06	
439.623	0.39	439.623	0.48	439.623	0.19	439.623	0.27	439.623	0.1	439.623	-0.06	
440.088	0.39	440.088	0.48	440.088	0.19	440.088	0.27	440.088	0.1	440.088	-0.06	
440.554	0.39	440.554	0.48	440.554	0.19	440.554	0.27	440.554	0.1	440.554	-0.06	
441.02	0.39	441.02	0.48	441.02	0.19	441.02	0.27	441.02	0.1	441.02	-0.06	
441.485	0.39	441.485	0.48	441.485	0.19	441.485	0.27	441.485	0.1	441.485	-0.06	
441.951	0.39	441.951	0.48	441.951	0.19	441.951	0.27	441.951	0.1	441.951	-0.06	
442.417	0.39	442.417	0.48	442.417	0.18	442.417	0.27	442.417	0.1	442.417	-0.06	
442.883	0.39	442.883	0.48	442.883	0.18	442.883	0.27	442.883	0.1	442.883	-0.06	
443.349	0.39	443.349	0.47	443.349	0.18	443.349	0.27	443.349	0.1	443.349	-0.06	
443.815	0.38	443.815	0.47	443.815	0.18	443.815	0.27	443.815	0.09	443.815	-0.06	
444.281	0.38	444.281	0.47	444.281	0.18	444.281	0.26	444.281	0.09	444.281	-0.06	
444.747	0.38	444.747	0.47	444.747	0.18	444.747	0.26	444.747	0.09	444.747	-0.06	
445.213	0.38	445.213	0.47	445.213	0.18	445.213	0.26	445.213	0.09	445.213	-0.06	
445.679	0.38	445.679	0.46	445.679	0.18	445.679	0.26	445.679	0.09	445.679	-0.06	
446.145	0.37	446.145	0.46	446.145	0.18	446.145	0.26	446.145	0.09	446.145	-0.06	
446.611	0.37	446.611	0.46	446.611	0.18	446.611	0.26	446.611	0.09	446.611	-0.06	
447.077	0.37	447.077	0.46	447.077	0.18	447.077	0.26	447.077	0.09	447.077	-0.06	
447.543	0.37	447.543	0.45	447.543	0.18	447.543	0.26	447.543	0.09	447.543	-0.06	
448.009	0.37	448.009	0.45	448.009	0.17	448.009	0.25	448.009	0.09	448.009	-0.06	
448.476	0.37	448.476	0.45	448.476	0.17	448.476	0.25	448.476	0.09	448.476	-0.06	
448.942	0.36	448.942	0.45	448.942	0.17	448.942	0.25	448.942	0.09	448.942	-0.06	
449.408	0.36	449.408	0.44	449.408	0.17	449.408	0.25	449.408	0.09	449.408	-0.06	
449.875	0.36	449.875	0.44	449.875	0.17	449.875	0.25	449.875	0.09	449.875	-0.06	
450.341	0.36	450.341	0.44	450.341	0.17	450.341	0.25	450.341	0.09	450.341	-0.06	
450.808	0.35	450.808	0.44	450.808	0.17	450.808	0.24	450.808	0.09	450.808	-0.06	
451.274	0.35	451.274	0.43	451.274	0.17	451.274	0.24	451.274	0.09	451.274	-0.06	
451.741	0.35	451.741	0.43	451.741	0.17	451.741	0.24	451.741	0.09	451.741	-0.06	
452.207	0.35	452.207	0.43	452.207	0.16	452.207	0.24	452.207	0.09	452.207	-0.06	
452.674	0.34	452.674	0.42	452.674	0.16	452.674	0.24	452.674	0.08	452.674	-0.06	
453.141	0.34	453.141	0.42	453.141	0.16	453.141	0.24	453.141	0.08	453.141	-0.06	
453.607	0.34	453.607	0.41	453.607	0.16	453.607	0.23	453.607	0.08	453.607	-0.06	
454.074	0.33	454.074	0.41	454.074	0.16	454.074	0.23	454.074	0.08	454.074	-0.06	
454.541	0.33	454.541	0.41	454.541	0.16	454.541	0.23	454.541	0.08	454.541	-0.06	
455.008	0.33	455.008	0.4	455.008	0.16	455.008	0.23	455.008	0.08	455.008	-0.06	
455.474	0.32	455.474	0.4	455.474	0.15	455.474	0.22	455.474	0.08	455.474	-0.06	
455.941	0.32	455.941	0.39	455.941	0.15	455.941	0.22	455.941	0.08	455.941	-0.06	
456.408	0.32	456.408	0.39	456.408	0.15	456.408	0.22	456.408	0.08	456.408	-0.06	
456.875	0.31	456.875	0.39	456.875	0.15	456.875	0.22	456.875	0.08	456.875	-0.06	
457.342	0.31	457.342	0.38	457.342	0.15	457.342	0.22	457.342	0.08	457.342	-0.06	
457.809	0.31	457.809	0.38	457.809	0.15	457.809	0.21	457.809	0.08	457.809	-0.06	
458.276	0.3	458.276	0.37	458.276	0.14	458.276	0.21	458.276	0.07	458.276	-0.06	
458.743	0.3	458.743	0.37	458.743	0.14	458.743	0.21	458.743	0.07	458.743	-0.06	
459.21	0.3	459.21	0.36	459.21	0.14	459.21	0.21	459.21	0.07	459.21	-0.06	
459.678	0.29	459.678	0.36	459.678	0.14	459.678	0.2	459.678	0.07	459.678	-0.06	
460.145	0.29	460.145	0.36	460.145	0.14	460.145	0.2	460.145	0.07	460.145	-0.06	
460.612	0.29	460.612	0.35	460.612	0.14	460.612	0.2	460.612	0.07	460.612	-0.06	
461.079	0.28	461.079	0.35	461.079	0.13	461.079	0.2	461.079	0.07	461.079	-0.06	
461.547	0.28	461.547	0.34	461.547	0.13	461.547	0.2	461.547	0.07	461.547	-0.06	
462.014	0.28	462.014	0.34	462.014	0.13	462.014	0.19	462.014	0.07	462.014	-0.06	
462.481	0.27	462.481	0.34	462.481	0.13	462.481	0.19	462.481	0.07	462.481	-0.06	
462.949	0.27	462.949	0.33	462.949	0.13	462.949	0.19	462.949	0.07	462.949	-0.06	
463.416	0.27	463.416	0.33	463.416	0.13	463.416	0.19	463.416	0.07	463.416	-0.06	
463.884	0.26	463.884	0.32	463.884	0.13	463.884	0.18	463.884	0.06	463.884	-0.06	
464.351	0.26	464.351	0.32	464.351	0.12	464.351	0.18	464.351	0.06	464.351	-0.06	
464.819	0.26	464.819	0.32	464.819	0.12	464.819	0.18	464.819	0.06	464.819	-0.06	
465.286	0.25	465.286	0.31	465.286	0.12	465.286	0.18	465.286	0.06	465.286	-0.06	
465.754	0.25	465.754	0.31	465.754	0.12	465.754	0.18	465.754	0.06	465.754	-0.06	
466.222	0.25	466.222	0.3	466.222	0.12	466.222	0.17	466.222	0.06	466.222	-0.06	
466.689	0.24	466.689	0.3	466.689	0.12	466.689	0.17	466.689	0.06	466.689	-0.06	
467.157	0.24	467.157	0.3	467.157	0.11	467.157	0.17	467.157	0.06	467.157	-0.06	
467.625	0.24	467.625	0.29	467.625	0.11	467.625	0.17	467.625	0.06	467.625	-0.06	
468.093	0.23	468.093	0.29	468.093	0.11	468.093	0.16	468.093	0.06	468.093	-0.06	
468.56	0.23	468.56	0.28	468.56	0.11	468.56	0.16	468.56	0.06	468.56	-0.06	
469.028	0.23	469.028	0.28	469.028	0.11	469.028	0.16	469.028	0.06	469.028	-0.06	
469.496	0.22	469.496	0.28	469.496	0.11	469.496	0.16	469.496	0.05	469.496	-0.06	
469.964	0.22	469.964	0.27	469.964	0.1	469.964	0.16	469.964	0.05	469.964	-0.06	
470.432	0.22	470.432	0.27	470.432	0.1	470.432	0.15	470.432	0.05	470.432	-0.06	
470.9	0.22	470.9	0.26	470.9	0.1	470.9	0.15	470.9	0.05	470.9	-0.06	
471.368	0.21	471.368	0.26	471.368	0.1	471.368	0.15	471.368	0.05	471.368	-0.06	
471.836	0.21	471.836	0.25	471.836	0.1	471.836	0.15	471.836	0.05	471.836	-0.06	
472.305	0.2	472.305	0.25	472.305	0.1	472.305	0.14	472.305	0.05	472.305	-0.06	
472.773	0.2	472.773	0.25	472.773	0.1	472.773	0.14	472.773	0.05	472.773	-0.06	
473.241	0.2	473.241	0.24	473.241	0.09	473.241	0.14	473.241	0.05	473.241	-0.06	
473.709	0.19	473.709	0.24	473.709	0.09	473.709	0.14	473.709	0.05	473.709	-0.06	
474.178	0.19	474.178	0.23	474.178	0.09	474.178	0.13	474.178	0.05	474.178	-0.06	
474.646	0.19	474.646	0.23	474.646	0.09	474.646	0.13	474.646	0.04	474.646	-0.06	
475.114	0.18	475.114	0.22	475.114	0.09	475.114	0.13	475.114	0.04	475.114	-0.06	
475.583	0.18	475.583	0.22	475.583	0.09	475.583	0.13	475.583	0.04	475.583	-0.06	
476.051	0.18	476.051	0.21	476.051	0.08	476.051	0.12	476.051	0.04	476.051	-0.06	
476.52	0.17	476.52	0.21	476.52	0.08	476.52	0.12	476.52	0.04	476.52	-0.06	
476.988	0.17	476.988	0.21	476.988	0.08	476.988	0.12	476.988	0.04	476.988	-0.06	
477.457	0.17	477.457	0.2	477.457	0.08	477.457	0.12	477.457	0.04	477.457	-0.06	
477.925	0.16	477.925	0.2	477.925	0.08	477.925	0.11	477.925	0.04	477.925	-0.06	
478.394	0.16	478.394	0.19	478.394	0.08	478.394	0.11	478.394	0.04	478.394	-0.06	
478.863	0.15	478.863	0.19	478.863	0.07	478.863	0.11	478.863	0.04	478.863	-0.06	
479.331	0.15	479.331	0.18	479.331	0.07	479.331	0.11	479.331	0.04	479.331	-0.06	
479.8	0.15	479.8	0.18	479.8	0.07	479.8	0.1	479.8	0.03	479.8	-0.06	
480.269	0.14	480.269	0.17	480.269	0.07	480.269	0.1	480.269	0.03	480.269	-0.06	
480.737	0.14	480.737	0.17	480.737	0.07	480.737	0.1	480.737	0.03	480.737	-0.06	
481.206	0.14	481.206	0.16	481.206	0.06	481.206	0.1	481.206	0.03	481.206	-0.06	
481.675	0.13	481.675	0.16	481.675	0.06	481.675	0.09	481.675	0.03	481.675	-0.06	
482.144	0.13	482.144	0.15	482.144	0.06	482.144	0.09	482.144	0.03	482.144	-0.06	
482.613	0.12	482.613	0.15	482.613	0.06	482.613	0.09	482.613	0.03	482.613	-0.06	
483.082	0.12	483.082	0.15	483.082	0.06	483.082	0.09	483.082	0.03	483.082	-0.06	
483.551	0.12	483.551	0.14	483.551	0.06	483.551	0.08	483.551	0.03	483.551	-0.06	
484.02	0.11	484.02	0.14	484.02	0.05	484.02	0.08	484.02	0.03	484.02	-0.06	
484.489	0.11	484.489	0.13	484.489	0.05	484.489	0.08	484.489	0.02	484.489	-0.06	
484.958	0.1	484.958	0.13	484.958	0.05	484.958	0.08	484.958	0.02	484.958	-0.06	
485.428	0.1	485.428	0.12	485.428	0.05	485.428	0.07	485.428	0.02	485.428	-0.06	
485.897	0.1	485.897	0.12	485.897	0.05	485.897	0.07	485.897	0.02	485.897	-0.06	
486.366	0.09	486.366	0.11	486.366	0.04	486.366	0.07	486.366	0.02	486.366	-0.06	
486.835	0.09	486.835	0.11	486.835	0.04	486.835	0.07	486.835	0.02	486.835	-0.06	
487.305	0.09	487.305	0.1	487.305	0.04	487.305	0.06	487.305	0.02	487.305	-0.06	
487.774	0.08	487.774	0.1	487.774	0.04	487.774	0.06	487.774	0.02	487.774	-0.06	
488.243	0.08	488.243	0.1	488.243	0.04	488.243	0.06	488.243	0.02	488.243	-0.06	
488.713	0.08	488.713	0.09	488.713	0.04	488.713	0.06	488.713	0.02	488.713	-0.06	
489.182	0.07	489.182	0.09	489.182	0.04	489.182	0.06	489.182	0.02	489.182	-0.06	
489.652	0.07	489.652	0.08	489.652	0.03	489.652	0.05	489.652	0.02	489.652	-0.06	
490.121	0.07	490.121	0.08	490.121	0.03	490.121	0.05	490.121	0.01	490.121	-0.06	
490.591	0.06	490.591	0.08	490.591	0.03	490.591	0.05	490.591	0.01	490.591	-0.06	
491.06	0.06	491.06	0.07	491.06	0.03	491.06	0.05	491.06	0.01	491.06	-0.06	
491.53	0.06	491.53	0.07	491.53	0.03	491.53	0.05	491.53	0.01	491.53	-0.06	
492	0.06	492	0.07	492	0.03	492	0.04	492	0.01	492	-0.06	
492.469	0.05	492.469	0.06	492.469	0.03	492.469	0.04	492.469	0.01	492.469	-0.06	
492.939	0.05	492.939	0.06	492.939	0.03	492.939	0.04	492.939	0.01	492.939	-0.06	
493.409	0.05	493.409	0.06	493.409	0.02	493.409	0.04	493.409	0.01	493.409	-0.06	
493.879	0.05	493.879	0.05	493.879	0.02	493.879	0.04	493.879	0.01	493.879	-0.06	
494.349	0.04	494.349	0.05	494.349	0.02	494.349	0.04	494.349	0.01	494.349	-0.06	
494.818	0.04	494.818	0.05	494.818	0.02	494.818	0.04	494.818	0.01	494.818	-0.06	
495.288	0.04	495.288	0.05	495.288	0.02	495.288	0.03	495.288	0.01	495.288	-0.06	
495.758	0.04	495.758	0.04	495.758	0.02	495.758	0.03	495.758	0.01	495.758	-0.06	
496.228	0.04	496.228	0.04	496.228	0.02	496.228	0.03	496.228	0.01	496.228	-0.06	
496.698	0.04	496.698	0.04	496.698	0.02	496.698	0.03	496.698	0.01	496.698	-0.06	
497.168	0.03	497.168	0.04	497.168	0.02	497.168	0.03	497.168	0.01	497.168	-0.06	
497.639	0.03	497.639	0.04	497.639	0.02	497.639	0.03	497.639	0.01	497.639	-0.06	
498.109	0.03	498.109	0.03	498.109	0.02	498.109	0.03	498.109	0	498.109	-0.06	
498.579	0.03	498.579	0.03	498.579	0.01	498.579	0.03	498.579	0	498.579	-0.06	
499.049	0.03	499.049	0.03	499.049	0.01	499.049	0.03	499.049	0	499.049	-0.06	
499.519	0.03	499.519	0.03	499.519	0.01	499.519	0.02	499.519	0	499.519	-0.06	
499.99	0.03	499.99	0.03	499.99	0.01	499.99	0.02	499.99	0	499.99	-0.06	
500.46	0.02	500.46	0.02	500.46	0.01	500.46	0.02	500.46	0	500.46	-0.06	
500.93	0.02	500.93	0.02	500.93	0.01	500.93	0.02	500.93	0	500.93	-0.06	
501.401	0.02	501.401	0.02	501.401	0.01	501.401	0.02	501.401	0	501.401	-0.06	
501.871	0.02	501.871	0.02	501.871	0.01	501.871	0.02	501.871	0	501.871	-0.06	
502.342	0.02	502.342	0.02	502.342	0.01	502.342	0.02	502.342	0	502.342	-0.06	
502.812	0.02	502.812	0.02	502.812	0.01	502.812	0.02	502.812	0	502.812	-0.06	
503.283	0.02	503.283	0.02	503.283	0.01	503.283	0.02	503.283	0	503.283	-0.06	
503.753	0.02	503.753	0.02	503.753	0.01	503.753	0.02	503.753	0	503.753	-0.06	
504.224	0.02	504.224	0.02	504.224	0.01	504.224	0.02	504.224	0	504.224	-0.06	
504.695	0.02	504.695	0.01	504.695	0.01	504.695	0.02	504.695	0	504.695	-0.06	
505.165	0.02	505.165	0.01	505.165	0.01	505.165	0.02	505.165	0	505.165	-0.06	
505.636	0.01	505.636	0.01	505.636	0.01	505.636	0.02	505.636	0	505.636	-0.06	
506.107	0.01	506.107	0.01	506.107	0.01	506.107	0.02	506.107	0	506.107	-0.06	
506.577	0.01	506.577	0.01	506.577	0.01	506.577	0.02	506.577	0	506.577	-0.06	
507.048	0.01	507.048	0.01	507.048	0.01	507.048	0.02	507.048	0	507.048	-0.06	
507.519	0.01	507.519	0.01	507.519	0.01	507.519	0.01	507.519	0	507.519	-0.06	
507.99	0.01	507.99	0.01	507.99	0.01	507.99	0.01	507.99	0	507.99	-0.06	
508.461	0.01	508.461	0.01	508.461	0.01	508.461	0.01	508.461	0	508.461	-0.06	
508.932	0.01	508.932	0.01	508.932	0.01	508.932	0.01	508.932	-0	508.932	-0.06	
509.403	0.01	509.403	0.01	509.403	0.01	509.403	0.01	509.403	-0	509.403	-0.06	
509.874	0.01	509.874	0.01	509.874	0.01	509.874	0.01	509.874	-0	509.874	-0.06	
510.345	0.01	510.345	0.01	510.345	0.01	510.345	0.01	510.345	-0	510.345	-0.06	
510.816	0.01	510.816	0.01	510.816	0.01	510.816	0.01	510.816	-0	510.816	-0.06	
511.287	0.01	511.287	0.01	511.287	0.01	511.287	0.01	511.287	-0	511.287	-0.06	
511.759	0.01	511.759	0	511.759	0.01	511.759	0.01	511.759	-0	511.759	-0.06	
512.23	0.01	512.23	0	512.23	0.01	512.23	0.01	512.23	-0	512.23	-0.06	
512.701	0.01	512.701	0	512.701	0	512.701	0.01	512.701	-0	512.701	-0.06	
513.172	0.01	513.172	0	513.172	0	513.172	0.01	513.172	-0	513.172	-0.06	
513.644	0.01	513.644	0	513.644	0	513.644	0.01	513.644	-0	513.644	-0.06	
514.115	0.01	514.115	0	514.115	0	514.115	0.01	514.115	-0	514.115	-0.06	
514.587	0.01	514.587	0	514.587	0	514.587	0.01	514.587	-0	514.587	-0.06	
515.058	0.01	515.058	0	515.058	0	515.058	0.01	515.058	-0	515.058	-0.06	
515.529	0.01	515.529	0	515.529	0	515.529	0.01	515.529	-0	515.529	-0.06	
516.001	0.01	516.001	0	516.001	0	516.001	0.01	516.001	-0	516.001	-0.06	
516.473	0.01	516.473	0	516.473	0	516.473	0.01	516.473	-0	516.473	-0.06	
516.944	0.01	516.944	0	516.944	0	516.944	0.01	516.944	-0	516.944	-0.06	
517.416	0.01	517.416	0	517.416	0	517.416	0.01	517.416	-0	517.416	-0.06	
517.887	0.01	517.887	0	517.887	0	517.887	0.01	517.887	-0	517.887	-0.06	
518.359	0.01	518.359	0	518.359	0	518.359	0.01	518.359	-0	518.359	-0.06	
518.831	0.01	518.831	0	518.831	0	518.831	0.01	518.831	-0	518.831	-0.06	
519.303	0.01	519.303	0	519.303	0	519.303	0.01	519.303	-0	519.303	-0.06	
519.774	0.01	519.774	0	519.774	0	519.774	0.01	519.774	-0	519.774	-0.06	
520.246	0.01	520.246	0	520.246	0	520.246	0.01	520.246	-0	520.246	-0.06	
520.718	0.01	520.718	0	520.718	0	520.718	0.01	520.718	-0	520.718	-0.06	
521.19	0.01	521.19	0	521.19	0	521.19	0.01	521.19	-0	521.19	-0.06	
521.662	0.01	521.662	0	521.662	0	521.662	0.01	521.662	-0	521.662	-0.06	
522.134	0.01	522.134	0	522.134	0	522.134	0.01	522.134	-0	522.134	-0.06	
522.606	0.01	522.606	0	522.606	0	522.606	0.01	522.606	-0	522.606	-0.06	
523.078	0.01	523.078	-0	523.078	0	523.078	0.01	523.078	-0	523.078	-0.06	
523.55	0	523.55	-0	523.55	0	523.55	0.01	523.55	-0	523.55	-0.06	
524.022	0	524.022	-0	524.022	0	524.022	0.01	524.022	-0	524.022	-0.06	
524.494	0	524.494	-0	524.494	0	524.494	0.01	524.494	-0	524.494	-0.06	
524.967	0	524.967	-0	524.967	0	524.967	0.01	524.967	-0	524.967	-0.06	
525.439	0	525.439	-0	525.439	0	525.439	0.01	525.439	-0	525.439	-0.06	
525.911	0	525.911	-0	525.911	0	525.911	0.01	525.911	-0	525.911	-0.06	
526.383	0	526.383	-0	526.383	0	526.383	0.01	526.383	-0	526.383	-0.06	
526.856	0	526.856	-0	526.856	0	526.856	0.01	526.856	-0	526.856	-0.06	
527.328	0	527.328	-0	527.328	0	527.328	0.01	527.328	-0	527.328	-0.06	
527.801	0	527.801	-0	527.801	0	527.801	0.01	527.801	-0	527.801	-0.06	
528.273	0	528.273	-0	528.273	0	528.273	0.01	528.273	-0	528.273	-0.06	
528.746	0	528.746	-0	528.746	0	528.746	0.01	528.746	-0	528.746	-0.06	
529.218	0	529.218	-0	529.218	0	529.218	0.01	529.218	-0	529.218	-0.06	
529.691	0	529.691	-0	529.691	0	529.691	0.01	529.691	-0	529.691	-0.06	
530.163	0	530.163	-0	530.163	0	530.163	0.01	530.163	-0	530.163	-0.06	
530.636	0	530.636	-0	530.636	0	530.636	0.01	530.636	-0	530.636	-0.06	
531.109	0	531.109	-0	531.109	0	531.109	0.01	531.109	-0	531.109	-0.06	
531.581	0	531.581	-0	531.581	0	531.581	0.01	531.581	-0	531.581	-0.06	
532.054	0	532.054	-0	532.054	0	532.054	0.01	532.054	-0	532.054	-0.06	
532.527	0	532.527	-0	532.527	0	532.527	0.01	532.527	-0	532.527	-0.06	
533	0	533	-0	533	0	533	0.01	533	-0	533	-0.06	
533.472	0	533.472	-0	533.472	0	533.472	0.01	533.472	-0	533.472	-0.06	
533.945	0	533.945	-0	533.945	0	533.945	0.01	533.945	-0	533.945	-0.06	
534.418	0	534.418	-0	534.418	0	534.418	0.01	534.418	-0	534.418	-0.06	
534.891	0	534.891	-0	534.891	0	534.891	0.01	534.891	-0	534.891	-0.06	
535.364	0	535.364	-0	535.364	0	535.364	0.01	535.364	-0	535.364	-0.06	
535.837	0	535.837	-0	535.837	0	535.837	0.01	535.837	-0	535.837	-0.06	
536.31	0	536.31	-0	536.31	0	536.31	0.01	536.31	-0	536.31	-0.06	
536.783	0	536.783	-0	536.783	0	536.783	0.01	536.783	-0	536.783	-0.06	
537.257	0	537.257	-0	537.257	0	537.257	0.01	537.257	-0	537.257	-0.06	
537.73	0	537.73	-0	537.73	0	537.73	0.01	537.73	-0	537.73	-0.06	
538.203	0	538.203	-0	538.203	0	538.203	0.01	538.203	-0	538.203	-0.06	
538.676	0	538.676	-0	538.676	0	538.676	0.01	538.676	-0	538.676	-0.06	
539.149	0	539.149	-0	539.149	0	539.149	0.01	539.149	-0	539.149	-0.06	
539.623	0	539.623	-0	539.623	0	539.623	0.01	539.623	-0	539.623	-0.06	
540.096	0	540.096	-0	540.096	0	540.096	0.01	540.096	-0	540.096	-0.06	
540.57	0	540.57	-0	540.57	0	540.57	0.01	540.57	-0	540.57	-0.06	
541.043	0	541.043	-0	541.043	0	541.043	0.01	541.043	-0	541.043	-0.06	
541.516	0	541.516	-0	541.516	0	541.516	0.01	541.516	-0	541.516	-0.06	
541.99	0	541.99	-0	541.99	0	541.99	0.01	541.99	-0	541.99	-0.06	
542.463	0	542.463	-0	542.463	0	542.463	0.01	542.463	-0	542.463	-0.06	
542.937	0	542.937	-0	542.937	0	542.937	0.01	542.937	-0	542.937	-0.06	
543.411	0	543.411	-0	543.411	0	543.411	0.01	543.411	-0	543.411	-0.06	
543.884	0	543.884	-0	543.884	0	543.884	0.01	543.884	-0	543.884	-0.06	
544.358	0	544.358	-0	544.358	0	544.358	0.01	544.358	-0	544.358	-0.06	
544.832	0	544.832	-0	544.832	0	544.832	0.01	544.832	-0	544.832	-0.06	
545.305	0	545.305	-0	545.305	0	545.305	0.01	545.305	-0	545.305	-0.06	
545.779	0	545.779	-0	545.779	0	545.779	0.01	545.779	-0	545.779	-0.06	
546.253	0	546.253	-0	546.253	0	546.253	0.01	546.253	-0	546.253	-0.06	
546.727	0	546.727	-0	546.727	0	546.727	0.01	546.727	-0	546.727	-0.06	
547.201	0	547.201	-0	547.201	0	547.201	0.01	547.201	-0	547.201	-0.06	
547.675	0	547.675	-0	547.675	0	547.675	0.01	547.675	-0	547.675	-0.06	
548.149	0	548.149	-0	548.149	0	548.149	0.01	548.149	-0	548.149	-0.06	
548.623	0	548.623	-0	548.623	0	548.623	0.01	548.623	-0	548.623	-0.06	
549.097	0	549.097	-0	549.097	0	549.097	0.01	549.097	-0	549.097	-0.06	
549.571	0	549.571	-0	549.571	0	549.571	0.01	549.571	-0	549.571	-0.06	
550.045	0	550.045	-0	550.045	0	550.045	0.01	550.045	-0	550.045	-0.06	
550.519	0	550.519	-0	550.519	0	550.519	0.01	550.519	-0	550.519	-0.06	
550.993	0	550.993	-0	550.993	0	550.993	0.01	550.993	-0	550.993	-0.06	
551.467	0	551.467	-0	551.467	0	551.467	0.01	551.467	-0	551.467	-0.06	
551.942	0	551.942	-0	551.942	0	551.942	0.01	551.942	-0	551.942	-0.06	
552.416	0	552.416	-0	552.416	0	552.416	0.01	552.416	-0	552.416	-0.06	
552.89	0	552.89	-0	552.89	0	552.89	0.01	552.89	-0	552.89	-0.06	
553.365	0	553.365	-0	553.365	0	553.365	0.01	553.365	-0	553.365	-0.06	
553.839	0	553.839	-0	553.839	0	553.839	0.01	553.839	-0	553.839	-0.06	
554.313	0	554.313	-0	554.313	0	554.313	0.01	554.313	-0	554.313	-0.06	
554.788	0	554.788	-0	554.788	0	554.788	0.01	554.788	-0	554.788	-0.06	
555.262	0	555.262	-0	555.262	0	555.262	0.01	555.262	-0	555.262	-0.06	
555.737	0	555.737	-0	555.737	0	555.737	0.01	555.737	-0	555.737	-0.06	
556.211	0	556.211	-0	556.211	0	556.211	0.01	556.211	-0	556.211	-0.06	
556.686	0	556.686	-0	556.686	0	556.686	0.01	556.686	-0	556.686	-0.06	
557.161	0	557.161	-0	557.161	0	557.161	0.01	557.161	-0	557.161	-0.06	
557.635	0	557.635	-0	557.635	0	557.635	0.01	557.635	-0	557.635	-0.06	
558.11	0	558.11	-0	558.11	0	558.11	0.01	558.11	-0	558.11	-0.06	
558.585	0	558.585	-0	558.585	0	558.585	0.01	558.585	-0	558.585	-0.06	
559.06	0	559.06	-0	559.06	0	559.06	0.01	559.06	-0	559.06	-0.06	
559.534	0	559.534	-0	559.534	0	559.534	0.01	559.534	-0	559.534	-0.06	
560.009	0	560.009	-0	560.009	0	560.009	0.01	560.009	-0	560.009	-0.06	
560.484	0	560.484	-0	560.484	0	560.484	0.01	560.484	-0	560.484	-0.06	
560.959	0	560.959	-0	560.959	0	560.959	0.01	560.959	-0	560.959	-0.06	
561.434	0	561.434	-0	561.434	0	561.434	0.01	561.434	-0	561.434	-0.06	
561.909	0	561.909	-0	561.909	0	561.909	0.01	561.909	-0	561.909	-0.06	
562.384	0	562.384	-0	562.384	0	562.384	0.01	562.384	-0	562.384	-0.06	
562.859	0	562.859	-0	562.859	0	562.859	0.01	562.859	-0	562.859	-0.06	
563.334	0	563.334	-0	563.334	0	563.334	0.01	563.334	-0	563.334	-0.06	
563.809	0	563.809	-0	563.809	0	563.809	0.01	563.809	-0	563.809	-0.06	
564.285	0	564.285	-0	564.285	0	564.285	0.01	564.285	-0	564.285	-0.06	
564.76	0	564.76	-0	564.76	0	564.76	0.01	564.76	-0	564.76	-0.06	
565.235	0	565.235	-0	565.235	0	565.235	0.01	565.235	-0	565.235	-0.06	
565.71	0	565.71	-0	565.71	0	565.71	0.01	565.71	-0	565.71	-0.06	
566.186	0	566.186	-0	566.186	0	566.186	0.01	566.186	-0	566.186	-0.06	
566.661	0	566.661	-0	566.661	0	566.661	0.01	566.661	-0	566.661	-0.06	
567.136	0	567.136	-0	567.136	0	567.136	0.01	567.136	-0	567.136	-0.06	
567.612	0	567.612	-0	567.612	0	567.612	0.01	567.612	-0	567.612	-0.06	
568.087	0	568.087	-0	568.087	0	568.087	0.01	568.087	-0	568.087	-0.06	
568.563	0	568.563	-0	568.563	0	568.563	0.01	568.563	-0	568.563	-0.06	
569.038	0	569.038	-0	569.038	0	569.038	0.01	569.038	-0	569.038	-0.06	
569.514	0	569.514	-0	569.514	0	569.514	0.01	569.514	-0	569.514	-0.06	
569.99	0	569.99	-0	569.99	0	569.99	0.01	569.99	-0	569.99	-0.06	
570.465	0	570.465	-0	570.465	0	570.465	0.01	570.465	-0	570.465	-0.06	
570.941	0	570.941	-0	570.941	0	570.941	0.01	570.941	-0	570.941	-0.06	
571.417	0	571.417	-0	571.417	0	571.417	0.01	571.417	-0	571.417	-0.06	
571.892	0	571.892	-0	571.892	0	571.892	0.01	571.892	-0	571.892	-0.06	
572.368	0	572.368	-0	572.368	0	572.368	0.01	572.368	-0	572.368	-0.06	
572.844	0	572.844	-0	572.844	0	572.844	0.01	572.844	-0	572.844	-0.06	
573.32	0	573.32	-0	573.32	0	573.32	0.01	573.32	-0	573.32	-0.06	
573.796	0	573.796	-0	573.796	0	573.796	0.01	573.796	-0	573.796	-0.06	
574.272	0	574.272	-0	574.272	0	574.272	0.01	574.272	-0	574.272	-0.06	
574.748	0	574.748	-0	574.748	0	574.748	0.01	574.748	-0	574.748	-0.06	
575.224	0	575.224	-0	575.224	0	575.224	0.01	575.224	-0	575.224	-0.06	
575.7	0	575.7	-0	575.7	0	575.7	0.01	575.7	-0	575.7	-0.06	
576.176	0	576.176	-0	576.176	0	576.176	0.01	576.176	-0	576.176	-0.06	
576.652	0	576.652	-0	576.652	0	576.652	0.01	576.652	-0	576.652	-0.06	
577.128	0	577.128	-0	577.128	0	577.128	0.01	577.128	-0	577.128	-0.06	
577.604	0	577.604	-0	577.604	0	577.604	0.01	577.604	-0	577.604	-0.06	
578.08	0	578.08	-0	578.08	0	578.08	0.01	578.08	-0	578.08	-0.06	
578.556	0	578.556	0	578.556	0	578.556	0.01	578.556	-0	578.556	-0.06	
579.033	0	579.033	0	579.033	0	579.033	0.01	579.033	-0	579.033	-0.06	
579.509	0	579.509	0	579.509	0	579.509	0.01	579.509	-0	579.509	-0.06	
579.985	0	579.985	0	579.985	0	579.985	0.01	579.985	-0	579.985	-0.06	
580.462	0	580.462	0	580.462	0	580.462	0.01	580.462	-0	580.462	-0.06	
580.938	0	580.938	0	580.938	0	580.938	0.01	580.938	-0	580.938	-0.06	
581.415	0	581.415	0	581.415	0	581.415	0.01	581.415	-0	581.415	-0.06	
581.891	0	581.891	0	581.891	0	581.891	0.01	581.891	-0	581.891	-0.06	
582.368	0	582.368	0	582.368	0	582.368	0.01	582.368	-0	582.368	-0.06	
582.844	0	582.844	0	582.844	0	582.844	0.01	582.844	-0	582.844	-0.06	
583.321	0	583.321	0	583.321	0	583.321	0.01	583.321	-0	583.321	-0.06	
583.798	0	583.798	0	583.798	0	583.798	0.01	583.798	-0	583.798	-0.06	
584.274	0	584.274	0	584.274	0	584.274	0.01	584.274	-0	584.274	-0.06	
584.751	0	584.751	0	584.751	0	584.751	0.01	584.751	-0	584.751	-0.06	
585.228	0	585.228	0	585.228	0	585.228	0.01	585.228	-0	585.228	-0.06	
585.704	0	585.704	-0	585.704	0	585.704	0.01	585.704	-0	585.704	-0.06	
586.181	0	586.181	-0	586.181	0	586.181	0.01	586.181	-0	586.181	-0.06	
586.658	0	586.658	-0	586.658	0	586.658	0.01	586.658	-0	586.658	-0.06	
587.135	0	587.135	-0	587.135	0	587.135	0.01	587.135	-0	587.135	-0.06	
587.612	0	587.612	-0	587.612	0	587.612	0.01	587.612	-0	587.612	-0.06	
588.089	0	588.089	-0	588.089	0	588.089	0.01	588.089	-0	588.089	-0.06	
588.566	0	588.566	0	588.566	0	588.566	0.01	588.566	-0	588.566	-0.06	
589.043	0	589.043	0	589.043	0	589.043	0.01	589.043	-0	589.043	-0.06	
589.52	0	589.52	0	589.52	0	589.52	0.01	589.52	-0	589.52	-0.06	
589.997	0	589.997	0	589.997	0	589.997	0.01	589.997	-0	589.997	-0.06	
590.474	0	590.474	0	590.474	0	590.474	0.01	590.474	-0	590.474	-0.06	
590.951	0	590.951	0	590.951	0	590.951	0.01	590.951	-0	590.951	-0.06	
591.429	0	591.429	0	591.429	0	591.429	0.01	591.429	-0	591.429	-0.06	
591.906	0	591.906	0	591.906	0	591.906	0.01	591.906	-0	591.906	-0.06	
592.383	0	592.383	0	592.383	0	592.383	0.01	592.383	-0	592.383	-0.06	
592.86	0	592.86	0	592.86	0	592.86	0.01	592.86	-0	592.86	-0.06	
593.338	0	593.338	0	593.338	0	593.338	0.01	593.338	-0	593.338	-0.06	
593.815	0	593.815	0	593.815	0	593.815	0.01	593.815	-0	593.815	-0.06	
594.292	0	594.292	0	594.292	0	594.292	0.01	594.292	-0	594.292	-0.06	
594.77	0	594.77	0	594.77	0	594.77	0.01	594.77	-0	594.77	-0.06	
595.247	0	595.247	0	595.247	0	595.247	0.01	595.247	-0	595.247	-0.06	
595.725	0	595.725	0	595.725	0	595.725	0.01	595.725	-0	595.725	-0.06	
596.202	0	596.202	0	596.202	0	596.202	0.01	596.202	-0	596.202	-0.06	
596.68	0	596.68	0	596.68	0	596.68	0.01	596.68	-0	596.68	-0.06	
597.158	0	597.158	0	597.158	0	597.158	0.01	597.158	-0	597.158	-0.06	
597.635	0	597.635	0	597.635	0	597.635	0.01	597.635	-0	597.635	-0.06	
598.113	0	598.113	0	598.113	0	598.113	0.01	598.113	-0	598.113	-0.06	
598.591	0	598.591	0	598.591	0	598.591	0.01	598.591	-0	598.591	-0.06	
599.069	0	599.069	0	599.069	0	599.069	0.01	599.069	-0	599.069	-0.06	
599.546	0	599.546	0	599.546	0	599.546	0.01	599.546	-0	599.546	-0.06	
600.024	0	600.024	0	600.024	0	600.024	0.01	600.024	-0	600.024	-0.06	
600.502	0	600.502	0	600.502	0	600.502	0.01	600.502	-0	600.502	-0.06	
600.98	0	600.98	0	600.98	0	600.98	0.01	600.98	-0	600.98	-0.06	
601.458	0	601.458	0	601.458	0	601.458	0.01	601.458	-0	601.458	-0.06	
601.936	0	601.936	0	601.936	0	601.936	0.01	601.936	-0	601.936	-0.06	
602.414	0	602.414	0	602.414	0	602.414	0.01	602.414	-0	602.414	-0.06	
602.892	0	602.892	0	602.892	0	602.892	0.01	602.892	-0	602.892	-0.06	
603.37	0	603.37	0	603.37	0	603.37	0.01	603.37	-0	603.37	-0.06	
603.848	0	603.848	0	603.848	0	603.848	0.01	603.848	-0	603.848	-0.06	
604.326	0	604.326	0	604.326	0	604.326	0.01	604.326	-0	604.326	-0.06	
604.805	0	604.805	0	604.805	0	604.805	0.01	604.805	-0	604.805	-0.06	
605.283	0	605.283	0	605.283	0	605.283	0.01	605.283	-0	605.283	-0.06	
605.761	0	605.761	0	605.761	0	605.761	0.01	605.761	-0	605.761	-0.06	
606.239	0	606.239	0	606.239	0	606.239	0.01	606.239	-0	606.239	-0.06	
606.718	0	606.718	0	606.718	0	606.718	0.01	606.718	-0	606.718	-0.06	
607.196	0	607.196	0	607.196	0	607.196	0.01	607.196	-0	607.196	-0.06	
607.674	0	607.674	0	607.674	0	607.674	0.01	607.674	-0	607.674	-0.06	
608.153	0	608.153	0	608.153	0	608.153	0.01	608.153	-0	608.153	-0.06	
608.631	0	608.631	0	608.631	0	608.631	0.01	608.631	-0	608.631	-0.06	
609.11	0	609.11	0	609.11	0	609.11	0.01	609.11	-0	609.11	-0.06	
609.588	0	609.588	0	609.588	0	609.588	0.01	609.588	-0	609.588	-0.06	
610.067	0	610.067	0	610.067	0	610.067	0.01	610.067	-0	610.067	-0.06	
610.546	0	610.546	0	610.546	0	610.546	0.01	610.546	-0	610.546	-0.06	
611.024	0	611.024	0	611.024	0	611.024	0.01	611.024	-0	611.024	-0.06	
611.503	0	611.503	0	611.503	0	611.503	0.01	611.503	-0	611.503	-0.06	
611.982	0	611.982	0	611.982	0	611.982	0.01	611.982	-0	611.982	-0.06	
612.46	0	612.46	0	612.46	0	612.46	0.01	612.46	-0	612.46	-0.06	
612.939	0	612.939	0	612.939	0	612.939	0.01	612.939	-0	612.939	-0.06	
613.418	0	613.418	0	613.418	0	613.418	0.01	613.418	-0	613.418	-0.06	
613.897	0	613.897	0	613.897	0	613.897	0.01	613.897	-0	613.897	-0.06	
614.376	0	614.376	0	614.376	0	614.376	0.01	614.376	-0	614.376	-0.06	
614.855	0	614.855	0	614.855	0	614.855	0.01	614.855	-0	614.855	-0.06	
615.334	0	615.334	0	615.334	0	615.334	0.01	615.334	-0	615.334	-0.06	
615.813	0	615.813	0	615.813	0	615.813	0.01	615.813	-0	615.813	-0.06	
616.292	0	616.292	0	616.292	0	616.292	0.01	616.292	-0	616.292	-0.06	
616.771	0	616.771	0	616.771	0	616.771	0.01	616.771	-0	616.771	-0.06	
617.25	0	617.25	0	617.25	0	617.25	0.01	617.25	-0	617.25	-0.06	
617.729	0	617.729	0	617.729	0	617.729	0.01	617.729	-0	617.729	-0.06	
618.208	0	618.208	0	618.208	0	618.208	0.01	618.208	-0	618.208	-0.06	
618.688	0	618.688	0	618.688	0	618.688	0.01	618.688	-0	618.688	-0.06	
619.167	0	619.167	0	619.167	0	619.167	0.01	619.167	-0	619.167	-0.06	
619.646	0	619.646	0	619.646	0	619.646	0.01	619.646	-0	619.646	-0.06	
620.125	0	620.125	0	620.125	0	620.125	0.01	620.125	-0	620.125	-0.06	
620.605	0	620.605	0	620.605	0	620.605	0.01	620.605	-0	620.605	-0.06	
621.084	0	621.084	0	621.084	0	621.084	0.01	621.084	-0	621.084	-0.06	
621.564	0	621.564	0	621.564	0	621.564	0.01	621.564	-0	621.564	-0.06	
622.043	0	622.043	0	622.043	0	622.043	0.01	622.043	-0	622.043	-0.06	
622.523	0	622.523	0	622.523	0	622.523	0.01	622.523	-0	622.523	-0.06	
623.002	0	623.002	0	623.002	0	623.002	0.01	623.002	-0	623.002	-0.06	
623.482	0	623.482	0	623.482	0	623.482	0.01	623.482	-0	623.482	-0.06	
623.961	0	623.961	0	623.961	0	623.961	0.01	623.961	-0	623.961	-0.06	
624.441	0	624.441	0	624.441	0	624.441	0.01	624.441	-0	624.441	-0.06	
624.921	0	624.921	0	624.921	0	624.921	0.01	624.921	-0	624.921	-0.06	
625.4	0	625.4	0	625.4	0	625.4	0.01	625.4	-0	625.4	-0.06	
625.88	0	625.88	0	625.88	0	625.88	0.01	625.88	-0	625.88	-0.06	
626.36	0	626.36	0	626.36	0	626.36	0.01	626.36	-0	626.36	-0.06	
626.84	0	626.84	0	626.84	0	626.84	0.01	626.84	-0	626.84	-0.06	
627.319	0	627.319	0	627.319	0	627.319	0.01	627.319	-0	627.319	-0.06	
627.799	0	627.799	0	627.799	0	627.799	0.01	627.799	-0	627.799	-0.06	
628.279	0	628.279	0	628.279	0	628.279	0.01	628.279	-0	628.279	-0.06	
628.759	0	628.759	0	628.759	0	628.759	0.01	628.759	-0	628.759	-0.06	
629.239	0	629.239	0	629.239	0	629.239	0.01	629.239	-0	629.239	-0.06	
629.719	0	629.719	0	629.719	0	629.719	0.01	629.719	-0	629.719	-0.06	
630.199	0	630.199	0	630.199	0	630.199	0.01	630.199	-0	630.199	-0.06	
630.679	0	630.679	0	630.679	0	630.679	0.01	630.679	-0	630.679	-0.06	
631.16	0	631.16	0	631.16	0	631.16	0.01	631.16	-0	631.16	-0.06	
631.64	0	631.64	0	631.64	0	631.64	0.01	631.64	-0	631.64	-0.06	
632.12	0	632.12	0	632.12	0	632.12	0.01	632.12	-0	632.12	-0.06	
632.6	0	632.6	0	632.6	0	632.6	0.01	632.6	-0	632.6	-0.06	
633.08	0	633.08	0	633.08	0	633.08	0.01	633.08	-0	633.08	-0.06	
633.561	0	633.561	0	633.561	0	633.561	0.01	633.561	-0	633.561	-0.06	
634.041	0	634.041	0	634.041	0	634.041	0.01	634.041	-0	634.041	-0.06	
634.521	0	634.521	0	634.521	0	634.521	0.01	634.521	-0	634.521	-0.06	
635.002	0	635.002	0	635.002	0	635.002	0.01	635.002	-0	635.002	-0.06	
635.482	0	635.482	0	635.482	0	635.482	0.01	635.482	-0	635.482	-0.06	
635.963	0	635.963	0	635.963	0	635.963	0.01	635.963	-0	635.963	-0.06	
636.443	0	636.443	0	636.443	0	636.443	0.01	636.443	-0	636.443	-0.06	
636.924	0	636.924	0	636.924	0	636.924	0.01	636.924	-0	636.924	-0.06	
637.404	0	637.404	0	637.404	0	637.404	0.01	637.404	-0	637.404	-0.06	
637.885	0	637.885	0	637.885	0	637.885	0.01	637.885	-0	637.885	-0.06	
638.366	0	638.366	0	638.366	0	638.366	0.01	638.366	-0	638.366	-0.06	
638.846	0	638.846	0	638.846	0	638.846	0.01	638.846	-0	638.846	-0.06	
639.327	0	639.327	0	639.327	0	639.327	0.01	639.327	-0	639.327	-0.06	
639.808	0	639.808	0	639.808	0	639.808	0.01	639.808	-0	639.808	-0.06	
640.289	0	640.289	0	640.289	0	640.289	0.01	640.289	-0	640.289	-0.06	
640.77	0	640.77	0	640.77	0	640.77	0.01	640.77	-0	640.77	-0.06	
641.25	0	641.25	0	641.25	0	641.25	0.01	641.25	-0	641.25	-0.06	
641.731	0	641.731	0	641.731	0	641.731	0.01	641.731	-0	641.731	-0.06	
642.212	0	642.212	0	642.212	0	642.212	0.01	642.212	-0	642.212	-0.06	
642.693	0	642.693	0	642.693	0	642.693	0.01	642.693	-0	642.693	-0.06	
643.174	0	643.174	0	643.174	0	643.174	0.01	643.174	-0	643.174	-0.06	
643.655	0	643.655	0	643.655	0	643.655	0.01	643.655	-0	643.655	-0.06	
644.136	0	644.136	0	644.136	0	644.136	0.01	644.136	-0	644.136	-0.06	
644.617	0	644.617	0	644.617	0	644.617	0.01	644.617	-0	644.617	-0.06	
645.099	0	645.099	0	645.099	0	645.099	0.01	645.099	-0	645.099	-0.06	
645.58	0	645.58	0	645.58	0	645.58	0.01	645.58	-0	645.58	-0.06	
646.061	0	646.061	0	646.061	0	646.061	0.01	646.061	-0	646.061	-0.06	
646.542	0	646.542	0	646.542	0	646.542	0.01	646.542	-0	646.542	-0.06	
647.024	0	647.024	0	647.024	0	647.024	0.01	647.024	-0	647.024	-0.06	
647.505	0	647.505	0	647.505	0	647.505	0.01	647.505	-0	647.505	-0.06	
647.986	0	647.986	0	647.986	0	647.986	0.01	647.986	-0	647.986	-0.06	
648.468	0	648.468	0	648.468	0	648.468	0.01	648.468	-0	648.468	-0.06	
648.949	0	648.949	0	648.949	0	648.949	0.01	648.949	-0	648.949	-0.06	
649.43	0	649.43	0	649.43	0	649.43	0.01	649.43	-0	649.43	-0.06	
649.912	0	649.912	0	649.912	0	649.912	0.01	649.912	-0	649.912	-0.06	
650.394	0	650.394	0	650.394	0	650.394	0.01	650.394	-0	650.394	-0.06	
650.875	0	650.875	0	650.875	0	650.875	0.01	650.875	-0	650.875	-0.06	
651.357	0	651.357	0	651.357	0	651.357	0.01	651.357	-0	651.357	-0.06	
651.838	0	651.838	0	651.838	0	651.838	0.01	651.838	-0	651.838	-0.06	
652.32	0	652.32	0	652.32	0	652.32	0.01	652.32	-0	652.32	-0.06	
652.802	0	652.802	0	652.802	0	652.802	0.01	652.802	-0	652.802	-0.06	
653.283	0	653.283	0	653.283	0	653.283	0.01	653.283	-0	653.283	-0.06	
653.765	0	653.765	0	653.765	0	653.765	0.01	653.765	-0	653.765	-0.06	
654.247	0	654.247	0	654.247	0	654.247	0.01	654.247	-0	654.247	-0.06	
654.729	0	654.729	0	654.729	0	654.729	0.01	654.729	-0	654.729	-0.06	
655.211	0	655.211	0	655.211	0	655.211	0.01	655.211	-0	655.211	-0.06	
655.693	0	655.693	0	655.693	0	655.693	0.01	655.693	-0	655.693	-0.06	
656.175	0	656.175	0	656.175	0	656.175	0.01	656.175	-0	656.175	-0.06	
656.657	0	656.657	0	656.657	0	656.657	0.01	656.657	-0	656.657	-0.06	
657.139	0	657.139	0	657.139	0	657.139	0.01	657.139	-0	657.139	-0.06	
657.621	0	657.621	0	657.621	0	657.621	0.01	657.621	-0	657.621	-0.06	
658.103	0	658.103	0	658.103	0	658.103	0.01	658.103	-0	658.103	-0.06	
658.585	0	658.585	0	658.585	0	658.585	0.01	658.585	-0	658.585	-0.06	
659.067	0	659.067	0	659.067	0	659.067	0.01	659.067	-0	659.067	-0.06	
659.549	0	659.549	0	659.549	0	659.549	0.01	659.549	-0	659.549	-0.06	
660.031	0	660.031	0	660.031	0	660.031	0.01	660.031	-0	660.031	-0.06	
660.514	0	660.514	0	660.514	0	660.514	0.01	660.514	-0	660.514	-0.06	
660.996	0	660.996	0	660.996	0	660.996	0.01	660.996	-0	660.996	-0.06	
661.478	0	661.478	0	661.478	0	661.478	0.01	661.478	-0	661.478	-0.06	
661.961	0	661.961	0	661.961	0	661.961	0.01	661.961	-0	661.961	-0.06	
662.443	0	662.443	0	662.443	0	662.443	0.01	662.443	-0	662.443	-0.06	
662.926	0	662.926	0	662.926	0	662.926	0.01	662.926	-0	662.926	-0.06	
663.408	0	663.408	0	663.408	0	663.408	0.01	663.408	-0	663.408	-0.06	
663.891	0	663.891	0	663.891	0	663.891	0.01	663.891	-0	663.891	-0.06	
664.373	0	664.373	0	664.373	0	664.373	0.01	664.373	-0	664.373	-0.06	
664.856	0	664.856	0	664.856	0	664.856	0.01	664.856	-0	664.856	-0.06	
665.338	0	665.338	0	665.338	0	665.338	0.01	665.338	-0	665.338	-0.06	
665.821	0	665.821	0	665.821	0	665.821	0.01	665.821	-0	665.821	-0.06	
666.304	0	666.304	0	666.304	0	666.304	0.01	666.304	-0	666.304	-0.06	
666.786	0	666.786	0	666.786	0	666.786	0.01	666.786	-0	666.786	-0.06	
667.269	0	667.269	0	667.269	0	667.269	0.01	667.269	-0	667.269	-0.06	
667.752	0	667.752	0	667.752	0	667.752	0.01	667.752	-0	667.752	-0.06	
668.235	0	668.235	0	668.235	0	668.235	0.01	668.235	-0	668.235	-0.06	
668.718	0	668.718	0	668.718	0	668.718	0.01	668.718	-0	668.718	-0.06	
669.2	0	669.2	0	669.2	0	669.2	0.01	669.2	-0	669.2	-0.06	
669.683	0	669.683	0	669.683	0	669.683	0.01	669.683	-0	669.683	-0.06	
670.166	0	670.166	0	670.166	0	670.166	0.01	670.166	-0	670.166	-0.06	
670.649	0	670.649	0	670.649	0	670.649	0.01	670.649	-0	670.649	-0.06	
671.132	0	671.132	0	671.132	0	671.132	0.01	671.132	-0	671.132	-0.06	
671.615	0	671.615	0	671.615	0	671.615	0.01	671.615	-0	671.615	-0.06	
672.099	0	672.099	0	672.099	0	672.099	0.01	672.099	-0	672.099	-0.06	
672.582	0	672.582	0	672.582	0	672.582	0.01	672.582	-0	672.582	-0.06	
673.065	0	673.065	0	673.065	0	673.065	0.01	673.065	-0	673.065	-0.06	
673.548	0	673.548	0	673.548	0	673.548	0.01	673.548	-0	673.548	-0.06	
674.031	0	674.031	0	674.031	0	674.031	0.01	674.031	-0	674.031	-0.06	
674.515	0	674.515	0	674.515	0	674.515	0.01	674.515	-0	674.515	-0.06	
674.998	0	674.998	0	674.998	0	674.998	0.01	674.998	-0	674.998	-0.06	
675.481	0	675.481	0	675.481	0	675.481	0.01	675.481	-0	675.481	-0.06	
675.965	0	675.965	0	675.965	0	675.965	0.01	675.965	-0	675.965	-0.06	
676.448	0	676.448	0	676.448	0	676.448	0.01	676.448	-0	676.448	-0.06	
676.931	0	676.931	0	676.931	0	676.931	0.01	676.931	-0	676.931	-0.06	
677.415	0	677.415	0	677.415	0	677.415	0.01	677.415	-0	677.415	-0.06	
677.898	0	677.898	0	677.898	0	677.898	0.01	677.898	-0	677.898	-0.06	
678.382	0	678.382	0	678.382	0	678.382	0.01	678.382	-0	678.382	-0.06	
678.866	0	678.866	0	678.866	0	678.866	0.01	678.866	-0	678.866	-0.06	
679.349	0	679.349	0	679.349	0	679.349	0.01	679.349	-0	679.349	-0.06	
679.833	0	679.833	0	679.833	0	679.833	0.01	679.833	-0	679.833	-0.06	
680.317	0	680.317	0	680.317	0	680.317	0.01	680.317	-0	680.317	-0.06	
680.8	0	680.8	0	680.8	0	680.8	0.01	680.8	-0	680.8	-0.06	
681.284	0	681.284	0	681.284	0	681.284	0.01	681.284	-0	681.284	-0.06	
681.768	0	681.768	0	681.768	0	681.768	0.01	681.768	-0	681.768	-0.06	
682.252	0	682.252	0	682.252	0	682.252	0.01	682.252	-0	682.252	-0.06	
682.736	0	682.736	0	682.736	0	682.736	0.01	682.736	-0	682.736	-0.06	
683.219	0	683.219	0	683.219	0	683.219	0.01	683.219	-0	683.219	-0.06	
683.703	0	683.703	0	683.703	0	683.703	0.01	683.703	-0	683.703	-0.06	
684.187	0	684.187	0	684.187	0	684.187	0.01	684.187	-0	684.187	-0.06	
684.671	0	684.671	0	684.671	0	684.671	0.01	684.671	-0	684.671	-0.06	
685.155	0	685.155	0	685.155	0	685.155	0.01	685.155	-0	685.155	-0.06	
685.639	0	685.639	0	685.639	0	685.639	0.01	685.639	-0	685.639	-0.06	
686.124	0	686.124	0	686.124	0	686.124	0.01	686.124	-0	686.124	-0.06	
686.608	0	686.608	0	686.608	0	686.608	0.01	686.608	-0	686.608	-0.06	
687.092	0	687.092	0	687.092	0	687.092	0.01	687.092	-0	687.092	-0.06	
687.576	0	687.576	0	687.576	0	687.576	0.01	687.576	-0	687.576	-0.06	
688.06	0	688.06	0	688.06	0	688.06	0.01	688.06	-0	688.06	-0.06	
688.545	0	688.545	0	688.545	0	688.545	0.01	688.545	-0	688.545	-0.06	
689.029	0	689.029	0	689.029	0	689.029	0.01	689.029	-0	689.029	-0.06	
689.513	0	689.513	0	689.513	0	689.513	0.01	689.513	-0	689.513	-0.06	
689.998	0	689.998	0	689.998	0	689.998	0.01	689.998	-0	689.998	-0.06	
690.482	0	690.482	0	690.482	0	690.482	0.01	690.482	-0	690.482	-0.06	
690.967	0	690.967	0	690.967	0	690.967	0.01	690.967	-0	690.967	-0.06	
691.451	0	691.451	0	691.451	0	691.451	0.01	691.451	-0	691.451	-0.06	
691.936	0	691.936	0	691.936	0	691.936	0.01	691.936	-0	691.936	-0.06	
692.42	0	692.42	0	692.42	0	692.42	0.01	692.42	-0	692.42	-0.06	
692.905	0	692.905	0	692.905	0	692.905	0.01	692.905	-0	692.905	-0.06	
693.389	0	693.389	0	693.389	0	693.389	0.01	693.389	-0	693.389	-0.06	
693.874	0	693.874	0	693.874	0	693.874	0.01	693.874	-0	693.874	-0.06	
694.359	0	694.359	0	694.359	0	694.359	0.01	694.359	-0	694.359	-0.06	
694.843	0	694.843	0	694.843	0	694.843	0.01	694.843	-0	694.843	-0.06	
695.328	0	695.328	0	695.328	0	695.328	0.01	695.328	-0	695.328	-0.06	
695.813	0	695.813	0	695.813	0	695.813	0.01	695.813	-0	695.813	-0.06	
696.298	0	696.298	0	696.298	0	696.298	0.01	696.298	-0	696.298	-0.06	
696.783	0	696.783	0	696.783	0	696.783	0.01	696.783	-0	696.783	-0.06	
697.268	0	697.268	0	697.268	0	697.268	0.01	697.268	-0	697.268	-0.06	
697.753	0	697.753	0	697.753	0	697.753	0.01	697.753	-0	697.753	-0.06	
698.238	0	698.238	0	698.238	0	698.238	0.01	698.238	-0	698.238	-0.06	
698.723	0	698.723	0	698.723	0	698.723	0.01	698.723	-0	698.723	-0.06	
699.208	0	699.208	0	699.208	0	699.208	0.01	699.208	-0	699.208	-0.06	
699.693	0	699.693	0	699.693	0	699.693	0.01	699.693	-0	699.693	-0.06	
700.178	0	700.178	0	700.178	0	700.178	0.01	700.178	-0	700.178	-0.06	
700.663	0	700.663	0	700.663	0	700.663	0.01	700.663	-0	700.663	-0.06	
701.148	0	701.148	0	701.148	0	701.148	0.01	701.148	-0	701.148	-0.06	
701.633	0	701.633	0	701.633	0	701.633	0.01	701.633	-0	701.633	-0.06	
702.119	0	702.119	0	702.119	0	702.119	0.01	702.119	-0	702.119	-0.06	
702.604	0	702.604	0	702.604	0	702.604	0.01	702.604	-0	702.604	-0.06	
703.089	0	703.089	0	703.089	0	703.089	0.01	703.089	-0	703.089	-0.06	
703.574	0	703.574	0	703.574	0	703.574	0.01	703.574	-0	703.574	-0.06	
704.06	0	704.06	0	704.06	0	704.06	0.01	704.06	-0	704.06	-0.06	
704.545	0	704.545	0	704.545	0	704.545	0.01	704.545	-0	704.545	-0.06	
705.031	0	705.031	0	705.031	0	705.031	0.01	705.031	-0	705.031	-0.06	
705.516	0	705.516	0	705.516	0	705.516	0.01	705.516	-0	705.516	-0.06	
706.002	0	706.002	0	706.002	0	706.002	0.01	706.002	-0	706.002	-0.06	
706.487	0	706.487	0	706.487	0	706.487	0.01	706.487	-0	706.487	-0.06	
706.973	0	706.973	0	706.973	0	706.973	0.01	706.973	-0	706.973	-0.06	
707.459	0	707.459	0	707.459	0	707.459	0.01	707.459	-0	707.459	-0.06	
707.944	0	707.944	0	707.944	0	707.944	0.01	707.944	-0	707.944	-0.06	
708.43	0	708.43	0	708.43	0	708.43	0.01	708.43	-0	708.43	-0.06	
708.916	0	708.916	0	708.916	0	708.916	0.01	708.916	-0	708.916	-0.06	
709.401	0	709.401	0	709.401	0	709.401	0.01	709.401	-0	709.401	-0.06	
709.887	0	709.887	0	709.887	0	709.887	0.01	709.887	-0	709.887	-0.06	
710.373	0	710.373	0	710.373	0	710.373	0.01	710.373	-0	710.373	-0.06	
710.859	0	710.859	0	710.859	0	710.859	0.01	710.859	-0	710.859	-0.06	
711.345	0	711.345	0	711.345	0	711.345	0.01	711.345	-0	711.345	-0.06	
711.831	0	711.831	0	711.831	0	711.831	0.01	711.831	-0	711.831	-0.06	
712.317	0	712.317	0	712.317	0	712.317	0.01	712.317	-0	712.317	-0.06	
712.803	0	712.803	0	712.803	0	712.803	0.01	712.803	-0	712.803	-0.06	
713.289	0	713.289	0	713.289	0	713.289	0.01	713.289	-0	713.289	-0.06	
713.775	0	713.775	0	713.775	0	713.775	0.01	713.775	-0	713.775	-0.06	
714.261	0	714.261	0	714.261	0	714.261	0.01	714.261	-0	714.261	-0.06	
714.747	0	714.747	0	714.747	0	714.747	0.01	714.747	-0	714.747	-0.06	
715.233	0	715.233	0	715.233	0	715.233	0.01	715.233	-0	715.233	-0.06	
715.719	0	715.719	0	715.719	0	715.719	0.01	715.719	-0	715.719	-0.06	
716.206	0	716.206	0	716.206	0	716.206	0.01	716.206	-0	716.206	-0.06	
716.692	0	716.692	0	716.692	0	716.692	0.01	716.692	-0	716.692	-0.06	
717.178	0	717.178	0	717.178	0	717.178	0.01	717.178	-0	717.178	-0.06	
717.665	0	717.665	0	717.665	0	717.665	0.01	717.665	-0	717.665	-0.06	
718.151	0	718.151	0	718.151	0	718.151	0.01	718.151	-0	718.151	-0.06	
718.637	0	718.637	0	718.637	0	718.637	0.01	718.637	-0	718.637	-0.06	
719.124	0	719.124	0	719.124	0	719.124	0.01	719.124	-0	719.124	-0.06	
719.61	0	719.61	0	719.61	0	719.61	0.01	719.61	-0	719.61	-0.06	
720.097	0	720.097	0	720.097	0	720.097	0.01	720.097	-0	720.097	-0.06	
720.583	0	720.583	0	720.583	0	720.583	0.01	720.583	-0	720.583	-0.06	
721.07	0	721.07	0	721.07	0	721.07	0.01	721.07	-0	721.07	-0.06	
721.557	0	721.557	0	721.557	0	721.557	0.01	721.557	-0	721.557	-0.06	
722.043	0	722.043	0	722.043	0	722.043	0.01	722.043	-0	722.043	-0.06	
722.53	0	722.53	0	722.53	0	722.53	0.01	722.53	-0	722.53	-0.06	
723.017	0	723.017	0	723.017	0	723.017	0.01	723.017	-0	723.017	-0.06	
723.504	0	723.504	0	723.504	0	723.504	0.01	723.504	-0	723.504	-0.06	
723.99	0	723.99	0	723.99	0	723.99	0.01	723.99	-0	723.99	-0.06	
724.477	0	724.477	0	724.477	0	724.477	0.01	724.477	-0	724.477	-0.06	
724.964	0	724.964	0	724.964	0	724.964	0.01	724.964	-0	724.964	-0.07	
725.451	0	725.451	0	725.451	0	725.451	0.01	725.451	-0	725.451	-0.07	
725.938	0	725.938	0	725.938	0	725.938	0.01	725.938	-0	725.938	-0.07	
726.425	0	726.425	0	726.425	0	726.425	0.01	726.425	-0	726.425	-0.07	
726.912	0	726.912	0	726.912	0	726.912	0.01	726.912	-0	726.912	-0.07	
727.399	0	727.399	0	727.399	0	727.399	0.01	727.399	-0	727.399	-0.07	
727.886	0	727.886	0	727.886	0	727.886	0.01	727.886	-0	727.886	-0.07	
728.373	0	728.373	0	728.373	0	728.373	0.01	728.373	-0	728.373	-0.07	
728.86	0	728.86	0	728.86	0	728.86	0.01	728.86	-0	728.86	-0.07	
729.347	0	729.347	0	729.347	0	729.347	0.01	729.347	-0	729.347	-0.07	
729.835	0	729.835	0	729.835	0	729.835	0.01	729.835	-0	729.835	-0.07	
730.322	0	730.322	0	730.322	0	730.322	0.01	730.322	-0	730.322	-0.07	
730.809	0	730.809	0	730.809	0	730.809	0.01	730.809	-0	730.809	-0.07	
731.296	0	731.296	0	731.296	0	731.296	0.01	731.296	-0	731.296	-0.07	
731.784	0	731.784	0	731.784	0	731.784	0.01	731.784	-0	731.784	-0.07	
732.271	0	732.271	0	732.271	0	732.271	0.01	732.271	-0	732.271	-0.07	
732.759	0	732.759	0	732.759	0	732.759	0.01	732.759	-0	732.759	-0.07	
733.246	0	733.246	0	733.246	0	733.246	0.01	733.246	-0	733.246	-0.07	
733.734	0	733.734	0	733.734	0	733.734	0.01	733.734	-0	733.734	-0.07	
734.221	0	734.221	0	734.221	0	734.221	0.01	734.221	-0	734.221	-0.07	
734.709	0	734.709	0	734.709	0	734.709	0.01	734.709	-0	734.709	-0.07	
735.196	0	735.196	0	735.196	0	735.196	0.01	735.196	-0	735.196	-0.07	
735.684	0	735.684	0	735.684	0	735.684	0.01	735.684	-0	735.684	-0.07	
736.171	0	736.171	0	736.171	0	736.171	0.01	736.171	-0	736.171	-0.07	
736.659	0	736.659	0	736.659	0	736.659	0.01	736.659	-0	736.659	-0.07	
737.147	0	737.147	0	737.147	0	737.147	0.01	737.147	-0	737.147	-0.07	
737.635	0	737.635	0	737.635	0	737.635	0.01	737.635	-0	737.635	-0.07	
738.122	0	738.122	0	738.122	0	738.122	0.01	738.122	-0	738.122	-0.07	
738.61	0	738.61	0	738.61	0	738.61	0.01	738.61	-0	738.61	-0.07	
739.098	0	739.098	0	739.098	0	739.098	0.01	739.098	-0	739.098	-0.07	
739.586	0	739.586	0	739.586	0	739.586	0.01	739.586	-0	739.586	-0.07	
740.074	0	740.074	0	740.074	0	740.074	0.01	740.074	-0	740.074	-0.07	
740.562	0	740.562	0	740.562	0	740.562	0.01	740.562	-0	740.562	-0.07	
741.05	0	741.05	0	741.05	0	741.05	0.01	741.05	-0	741.05	-0.07	
741.538	0	741.538	0	741.538	0	741.538	0.01	741.538	-0	741.538	-0.07	
742.026	0	742.026	0	742.026	0	742.026	0.01	742.026	-0	742.026	-0.07	
742.514	0	742.514	0	742.514	0	742.514	0.01	742.514	-0	742.514	-0.07	
743.002	0	743.002	0	743.002	0	743.002	0.01	743.002	-0	743.002	-0.07	
743.49	0	743.49	0	743.49	0	743.49	0.01	743.49	-0	743.49	-0.07	
743.979	0	743.979	0	743.979	0	743.979	0.01	743.979	-0	743.979	-0.07	
744.467	0	744.467	0	744.467	0	744.467	0.01	744.467	-0	744.467	-0.07	
744.955	0	744.955	0	744.955	0	744.955	0.01	744.955	-0	744.955	-0.07	
745.443	0	745.443	0	745.443	0	745.443	0.01	745.443	-0	745.443	-0.07	
745.932	0	745.932	0	745.932	0	745.932	0.01	745.932	-0	745.932	-0.07	
746.42	0	746.42	0	746.42	0	746.42	0.01	746.42	-0	746.42	-0.07	
746.909	0	746.909	0	746.909	0	746.909	0.01	746.909	-0	746.909	-0.07	
747.397	0	747.397	0	747.397	0	747.397	0.01	747.397	-0	747.397	-0.07	
747.885	0	747.885	0	747.885	0	747.885	0.01	747.885	-0	747.885	-0.07	
748.374	0	748.374	0	748.374	0	748.374	0.01	748.374	-0	748.374	-0.07	
748.862	0	748.862	0	748.862	0	748.862	0.01	748.862	-0	748.862	-0.07	
749.351	0	749.351	0	749.351	0	749.351	0.01	749.351	-0	749.351	-0.07	
749.84	0	749.84	0	749.84	0	749.84	0.01	749.84	-0	749.84	-0.07	
750.328	0	750.328	0	750.328	0	750.328	0.01	750.328	-0	750.328	-0.07	
750.817	0	750.817	0	750.817	0	750.817	0.01	750.817	-0	750.817	-0.07	
751.306	0	751.306	0	751.306	0	751.306	0.01	751.306	-0	751.306	-0.07	
751.794	0	751.794	0	751.794	0	751.794	0.01	751.794	-0	751.794	-0.07	
752.283	0	752.283	0	752.283	0	752.283	0.01	752.283	-0	752.283	-0.07	
752.772	0	752.772	0	752.772	0	752.772	0.01	752.772	-0	752.772	-0.07	
753.261	0	753.261	0	753.261	0	753.261	0.01	753.261	-0	753.261	-0.07	
753.75	0	753.75	0	753.75	0	753.75	0.01	753.75	-0	753.75	-0.07	
754.239	0	754.239	0	754.239	0	754.239	0.01	754.239	-0	754.239	-0.07	
754.728	0	754.728	0	754.728	0	754.728	0.01	754.728	-0	754.728	-0.07	
755.217	0	755.217	0	755.217	0	755.217	0.01	755.217	-0	755.217	-0.07	
755.706	0	755.706	0	755.706	0	755.706	0.01	755.706	-0	755.706	-0.07	
756.195	0	756.195	0	756.195	0	756.195	0.01	756.195	-0	756.195	-0.07	
756.684	0	756.684	0	756.684	0	756.684	0.01	756.684	-0	756.684	-0.07	
757.173	0	757.173	0	757.173	0	757.173	0.01	757.173	-0	757.173	-0.07	
757.662	0	757.662	0	757.662	0	757.662	0.01	757.662	-0	757.662	-0.07	
758.151	0	758.151	0	758.151	0	758.151	0.01	758.151	-0	758.151	-0.07	
758.641	0	758.641	0	758.641	0	758.641	0.01	758.641	-0	758.641	-0.07	
759.13	0	759.13	0	759.13	0	759.13	0.01	759.13	-0	759.13	-0.07	
759.619	0	759.619	0	759.619	0	759.619	0.01	759.619	-0	759.619	-0.07	
760.108	0	760.108	0	760.108	0	760.108	0.01	760.108	-0	760.108	-0.07	
760.598	0	760.598	0	760.598	0	760.598	0.01	760.598	-0	760.598	-0.07	
761.087	0	761.087	0	761.087	0	761.087	0.01	761.087	-0	761.087	-0.07	
761.577	0	761.577	0	761.577	0	761.577	0.01	761.577	-0	761.577	-0.07	
762.066	0	762.066	0	762.066	0	762.066	0.01	762.066	-0	762.066	-0.07	
762.556	0	762.556	0	762.556	0	762.556	0.01	762.556	-0	762.556	-0.07	
763.045	0	763.045	0	763.045	0	763.045	0.01	763.045	-0	763.045	-0.07	
763.535	0	763.535	0	763.535	0	763.535	0.01	763.535	-0	763.535	-0.07	
764.024	0	764.024	0	764.024	0	764.024	0.01	764.024	-0	764.024	-0.07	
764.514	0	764.514	0	764.514	0	764.514	0.01	764.514	-0	764.514	-0.07	
765.004	0	765.004	0	765.004	0	765.004	0.01	765.004	-0	765.004	-0.07	
765.493	0	765.493	0	765.493	0	765.493	0.01	765.493	-0	765.493	-0.07	
765.983	0	765.983	0	765.983	0	765.983	0.01	765.983	-0	765.983	-0.07	
766.473	0	766.473	0	766.473	0	766.473	0.01	766.473	-0	766.473	-0.07	
766.963	0	766.963	0	766.963	0	766.963	0.01	766.963	-0	766.963	-0.07	
767.452	0	767.452	0	767.452	0	767.452	0.01	767.452	-0	767.452	-0.07	
767.942	0	767.942	0	767.942	0	767.942	0.01	767.942	-0	767.942	-0.07	
768.432	0	768.432	0	768.432	0	768.432	0.01	768.432	-0	768.432	-0.07	
768.922	0	768.922	0	768.922	0	768.922	0.01	768.922	-0	768.922	-0.07	
769.412	0	769.412	0	769.412	0	769.412	0.01	769.412	-0	769.412	-0.07	
769.902	0	769.902	0	769.902	0	769.902	0.01	769.902	-0	769.902	-0.07	
770.392	0	770.392	0	770.392	0	770.392	0.01	770.392	-0	770.392	-0.07	
770.882	0	770.882	0	770.882	0	770.882	0.01	770.882	-0	770.882	-0.07	
771.372	0	771.372	0	771.372	0	771.372	0.01	771.372	-0	771.372	-0.07	
771.862	0	771.862	0	771.862	0	771.862	0.01	771.862	-0	771.862	-0.07	
772.353	0	772.353	0	772.353	0	772.353	0.01	772.353	-0	772.353	-0.07	
772.843	0	772.843	0	772.843	0	772.843	0.01	772.843	-0	772.843	-0.07	
773.333	0	773.333	0	773.333	0	773.333	0.01	773.333	-0	773.333	-0.07	
773.823	0	773.823	0	773.823	0	773.823	0.01	773.823	-0	773.823	-0.07	
774.314	0	774.314	0	774.314	0	774.314	0.01	774.314	-0	774.314	-0.07	
774.804	0	774.804	0	774.804	0	774.804	0.01	774.804	-0	774.804	-0.07	
775.294	0	775.294	0	775.294	0	775.294	0.01	775.294	-0	775.294	-0.07	
775.785	0	775.785	0	775.785	0	775.785	0.01	775.785	-0	775.785	-0.07	
776.275	0	776.275	0	776.275	0	776.275	0.01	776.275	-0	776.275	-0.07	
776.766	0	776.766	0	776.766	0	776.766	0.01	776.766	-0	776.766	-0.07	
777.256	0	777.256	0	777.256	0	777.256	0.01	777.256	-0	777.256	-0.07	
777.747	0	777.747	0	777.747	0	777.747	0.01	777.747	-0	777.747	-0.07	
778.237	0	778.237	0	778.237	0	778.237	0.01	778.237	-0	778.237	-0.07	
778.728	0	778.728	0	778.728	0	778.728	0.01	778.728	-0	778.728	-0.07	
779.219	0	779.219	0	779.219	0	779.219	0.01	779.219	-0	779.219	-0.07	
779.709	0	779.709	0	779.709	0	779.709	0.01	779.709	-0	779.709	-0.07	
780.2	0	780.2	0	780.2	0	780.2	0.01	780.2	-0	780.2	-0.07	
780.691	0	780.691	0	780.691	0	780.691	0.01	780.691	-0	780.691	-0.07	
781.182	0	781.182	0	781.182	0	781.182	0.01	781.182	-0	781.182	-0.07	
781.672	0	781.672	0	781.672	0	781.672	0.01	781.672	-0	781.672	-0.07	
782.163	0	782.163	0	782.163	0	782.163	0.01	782.163	-0	782.163	-0.07	
782.654	0	782.654	0	782.654	0	782.654	0.01	782.654	-0	782.654	-0.07	
783.145	0	783.145	0	783.145	0	783.145	0.01	783.145	-0	783.145	-0.07	
783.636	0	783.636	0	783.636	0	783.636	0.01	783.636	-0	783.636	-0.07	
784.127	0	784.127	0	784.127	0	784.127	0.01	784.127	-0	784.127	-0.07	
784.618	0	784.618	0	784.618	0	784.618	0.01	784.618	-0	784.618	-0.07	
785.109	0	785.109	0	785.109	0	785.109	0.01	785.109	-0	785.109	-0.07	
785.6	0	785.6	0	785.6	0	785.6	0.01	785.6	-0	785.6	-0.07	
786.091	0	786.091	0	786.091	0	786.091	0.01	786.091	-0	786.091	-0.07	
786.583	0	786.583	0	786.583	0	786.583	0.01	786.583	-0	786.583	-0.07	
787.074	0	787.074	0	787.074	0	787.074	0.01	787.074	-0	787.074	-0.07	
787.565	0	787.565	0	787.565	0	787.565	0.01	787.565	-0	787.565	-0.07	
788.056	0	788.056	0	788.056	0	788.056	0.01	788.056	-0	788.056	-0.07	
788.548	0	788.548	0	788.548	0	788.548	0.01	788.548	-0	788.548	-0.07	
789.039	0	789.039	0	789.039	0	789.039	0.01	789.039	-0	789.039	-0.07	
789.53	0	789.53	0	789.53	0	789.53	0.01	789.53	-0	789.53	-0.07	
790.022	0	790.022	0	790.022	0	790.022	0.01	790.022	-0	790.022	-0.07	
790.513	0	790.513	0	790.513	0	790.513	0.01	790.513	-0	790.513	-0.07	
791.005	0	791.005	0	791.005	0	791.005	0.01	791.005	-0	791.005	-0.07	
791.496	0	791.496	0	791.496	0	791.496	0.01	791.496	-0	791.496	-0.07	
791.988	0	791.988	0	791.988	0	791.988	0.01	791.988	-0	791.988	-0.07	
792.479	0	792.479	0	792.479	0	792.479	0.01	792.479	-0	792.479	-0.07	
792.971	0	792.971	0	792.971	0	792.971	0.01	792.971	-0	792.971	-0.07	
793.462	0	793.462	0	793.462	0	793.462	0.01	793.462	-0	793.462	-0.07	
793.954	0	793.954	0	793.954	0	793.954	0.01	793.954	-0	793.954	-0.07	
794.446	0	794.446	0	794.446	0	794.446	0.01	794.446	-0	794.446	-0.07	
794.937	0	794.937	0	794.937	0	794.937	0.01	794.937	-0	794.937	-0.07	
795.429	0	795.429	0	795.429	0	795.429	0.01	795.429	-0	795.429	-0.07	
795.921	0	795.921	0	795.921	0	795.921	0.01	795.921	-0	795.921	-0.07	
796.413	0	796.413	0	796.413	0	796.413	0.01	796.413	-0	796.413	-0.07	
796.905	0	796.905	0	796.905	0	796.905	0.01	796.905	-0	796.905	-0.07	
797.397	0	797.397	0	797.397	0	797.397	0.01	797.397	-0	797.397	-0.07	
797.889	0	797.889	0	797.889	0	797.889	0.01	797.889	-0	797.889	-0.07	
798.381	0	798.381	0	798.381	0	798.381	0.01	798.381	-0	798.381	-0.07	
798.873	0	798.873	0	798.873	0	798.873	0.01	798.873	-0	798.873	-0.07	
799.365	0	799.365	0	799.365	0	799.365	0.01	799.365	-0	799.365	-0.07	
799.857	0	799.857	0	799.857	0	799.857	0.01	799.857	-0	799.857	-0.07	
800.349	0	800.349	0	800.349	0	800.349	0.01	800.349	-0	800.349	-0.07	
800.841	0	800.841	0	800.841	0	800.841	0.01	800.841	-0	800.841	-0.07	
801.333	0	801.333	0	801.333	0	801.333	0.01	801.333	-0	801.333	-0.07	
801.825	0	801.825	0	801.825	0	801.825	0.01	801.825	-0	801.825	-0.07	
802.318	0	802.318	0	802.318	0	802.318	0.01	802.318	-0	802.318	-0.07	
802.81	0	802.81	0	802.81	0	802.81	0.01	802.81	-0	802.81	-0.07	
803.302	0	803.302	0	803.302	0	803.302	0.01	803.302	-0	803.302	-0.07	
803.794	0	803.794	0	803.794	0	803.794	0.01	803.794	-0	803.794	-0.07	
804.287	0	804.287	0	804.287	0	804.287	0.01	804.287	-0	804.287	-0.07	
804.779	0	804.779	0	804.779	0	804.779	0.01	804.779	-0	804.779	-0.07	
805.272	0	805.272	0	805.272	0	805.272	0.01	805.272	-0	805.272	-0.07	
805.764	0	805.764	0	805.764	0	805.764	0.01	805.764	-0	805.764	-0.07	
806.257	0	806.257	0	806.257	0	806.257	0.01	806.257	-0	806.257	-0.07	
806.749	0	806.749	0	806.749	0	806.749	0.01	806.749	-0	806.749	-0.07	
807.242	0	807.242	0	807.242	0	807.242	0.01	807.242	-0	807.242	-0.07	
807.734	0	807.734	0	807.734	0	807.734	0.01	807.734	-0	807.734	-0.07	
808.227	0	808.227	0	808.227	0	808.227	0.01	808.227	-0	808.227	-0.07	
808.72	0	808.72	0	808.72	0	808.72	0.01	808.72	-0	808.72	-0.07	
809.212	0	809.212	0	809.212	0	809.212	0.01	809.212	-0	809.212	-0.07	
809.705	0	809.705	0	809.705	0	809.705	0.01	809.705	-0	809.705	-0.07	
810.198	0	810.198	0	810.198	0	810.198	0.01	810.198	-0	810.198	-0.07	
810.691	0	810.691	0	810.691	0	810.691	0.01	810.691	-0	810.691	-0.07	
811.184	0	811.184	0	811.184	0	811.184	0.01	811.184	-0	811.184	-0.07	
811.676	0	811.676	0	811.676	0	811.676	0.01	811.676	-0	811.676	-0.07	
812.169	0	812.169	0	812.169	0	812.169	0.01	812.169	-0	812.169	-0.07	
812.662	0	812.662	0	812.662	0	812.662	0.01	812.662	-0	812.662	-0.07	
813.155	0	813.155	0	813.155	0	813.155	0.01	813.155	-0	813.155	-0.07	
813.648	0	813.648	0	813.648	0	813.648	0.01	813.648	-0	813.648	-0.07	
814.141	0	814.141	0	814.141	0	814.141	0.01	814.141	-0	814.141	-0.07	
814.634	0	814.634	0	814.634	0	814.634	0.01	814.634	-0	814.634	-0.07	
815.128	0	815.128	0	815.128	0	815.128	0.01	815.128	-0	815.128	-0.07	
815.621	0	815.621	0	815.621	0	815.621	0.01	815.621	-0	815.621	-0.07	
816.114	0	816.114	0	816.114	0	816.114	0.01	816.114	-0	816.114	-0.07	
816.607	0	816.607	0	816.607	0	816.607	0.01	816.607	-0	816.607	-0.07	
817.1	0	817.1	0	817.1	0	817.1	0.01	817.1	-0	817.1	-0.07	
817.594	0	817.594	0	817.594	0	817.594	0.01	817.594	-0	817.594	-0.07	
818.087	0	818.087	0	818.087	0	818.087	0.01	818.087	-0	818.087	-0.07	
818.58	0	818.58	0	818.58	0	818.58	0.01	818.58	-0	818.58	-0.07	
819.074	0	819.074	0	819.074	0	819.074	0.01	819.074	-0	819.074	-0.07	
819.567	0	819.567	0	819.567	0	819.567	0.01	819.567	-0	819.567	-0.07	
820.061	0	820.061	0	820.061	0	820.061	0.01	820.061	-0	820.061	-0.07	
820.554	0	820.554	0	820.554	0	820.554	0.01	820.554	-0	820.554	-0.07	
821.048	0	821.048	0	821.048	0	821.048	0.01	821.048	-0	821.048	-0.07	
821.541	0	821.541	0	821.541	0	821.541	0.01	821.541	-0	821.541	-0.07	
822.035	0	822.035	0	822.035	0	822.035	0.01	822.035	-0	822.035	-0.07	
822.528	0	822.528	0	822.528	0	822.528	0.01	822.528	-0	822.528	-0.07	
823.022	0	823.022	0	823.022	0	823.022	0.01	823.022	-0	823.022	-0.07	
