336.256	8.65
336.714	8.3
337.171	8.29
337.628	8.04
338.086	7.88
338.543	7.72
339.001	7.51
339.458	7.43
339.916	7.29
340.373	7.43
340.831	7.66
341.289	7.64
341.746	7.91
342.204	8.11
342.662	8.49
343.12	8.67
343.578	9.11
344.035	9.19
344.493	9.48
344.951	9.76
345.409	10.23
345.867	10.76
346.325	11.5
346.784	11.95
347.242	12.1
347.7	12.25
348.158	12.59
348.616	12.53
349.075	12.65
349.533	12.7
349.992	12.58
350.45	12.44
350.908	12.14
351.367	11.91
351.825	11.79
352.284	11.78
352.743	11.92
353.201	11.98
353.66	12.26
354.119	12.74
354.577	13.15
355.036	13.7
355.495	14.21
355.954	14.69
356.413	15.12
356.872	15.5
357.331	16.09
357.79	16.6
358.249	17.45
358.708	18.44
359.167	19.55
359.626	20.97
360.085	23.28
360.545	27.38
361.004	38.12
361.463	97.64
361.923	266.46
362.382	474.96
362.842	646.64
363.301	722.65
363.76	758.17
364.22	776.84
364.68	781.25
365.139	781.25
365.599	778.49
366.059	768.53
366.518	709.53
366.978	541.31
367.438	333.18
367.898	161.9
368.358	85.83
368.818	49.87
369.278	30.46
369.737	24.73
370.198	22.3
370.658	20.75
371.118	19.89
371.578	18.99
372.038	18.09
372.498	17.39
372.959	16.64
373.419	15.77
373.879	15.3
374.339	14.72
374.8	14.33
375.26	14.23
375.721	14.07
376.181	13.81
376.642	13.9
377.102	13.87
377.563	13.93
378.024	13.87
378.484	13.97
378.945	13.91
379.406	14.16
379.867	14.29
380.328	14.38
380.789	14.63
381.249	15.04
381.71	15.49
382.171	16.21
382.632	16.97
383.094	18.21
383.555	20.08
384.016	22.61
384.477	25.52
384.938	28.66
385.399	31.35
385.861	33.1
386.322	33.59
386.783	33.65
387.245	34.29
387.706	35.27
388.168	35.78
388.629	34.92
389.091	32.73
389.553	30.02
390.014	27.15
390.476	24.73
390.938	23.14
391.399	22.86
391.861	22.88
392.323	22.14
392.785	20.83
393.247	19.63
393.709	19.36
394.17	19.81
394.633	20.21
395.095	20.9
395.557	21.9
396.019	23.14
396.481	24.56
396.943	26.41
397.405	28.8
397.868	32.04
398.33	35.36
398.792	37.89
399.255	39.64
399.717	40.84
400.179	42.61
400.642	47.57
401.104	89.8
401.567	236.72
402.03	415.3
402.492	555.11
402.955	587.35
403.418	590.06
403.88	592.06
404.343	609.12
404.806	655.35
405.269	703.12
405.732	729.64
406.195	692.12
406.658	545.15
407.121	365.47
407.584	223.99
408.047	189.61
408.51	184.28
408.973	179.79
409.436	160.63
409.899	112.9
410.363	62.69
410.826	30.31
411.289	24.3
411.753	22.83
412.216	22.12
412.68	21.74
413.143	21.25
413.607	21.01
414.07	21.02
414.534	21.32
414.997	21.41
415.461	21.85
415.925	22.21
416.388	23.14
416.852	24.43
417.316	26.07
417.78	27.36
418.244	28.14
418.708	28.63
419.172	29.05
419.636	28.74
420.1	28.32
420.564	27.42
421.028	26.56
421.492	25.18
421.956	23.5
422.421	21.48
422.885	19.4
423.349	17.98
423.813	17.21
424.278	16.63
424.742	16.62
425.207	16.83
425.671	17.26
426.136	17.9
426.6	18.37
427.065	18.88
427.529	19.59
427.994	20.8
428.459	21.53
428.924	22.01
429.388	23.26
429.853	25.45
430.318	29.65
430.783	39.14
431.248	56.75
431.713	90.55
432.178	188.14
432.643	577.15
433.108	1122.83
433.573	1604.05
434.038	1782.9
434.503	1810.97
434.968	1819.75
435.434	1821.59
435.899	1816.28
436.364	1801.32
436.83	1769.57
437.295	1672.92
437.761	1284.09
438.226	737.9
438.692	256.03
439.157	76.46
439.623	46.89
440.088	35.86
440.554	29.49
441.02	25.08
441.485	21.94
441.951	19.57
442.417	17.99
442.883	16.75
443.349	16.02
443.815	15.5
444.281	15
444.747	14.58
445.213	14.25
445.679	14.29
446.145	14.25
446.611	13.97
447.077	13.95
447.543	14.18
448.009	14.45
448.476	14.58
448.942	14.68
449.408	14.71
449.875	14.75
450.341	14.89
450.808	14.55
451.274	14.26
451.741	14.32
452.207	14.22
452.674	13.94
453.141	13.44
453.607	13.01
454.074	12.63
454.541	12.43
455.008	12.29
455.474	11.95
455.941	11.84
456.408	11.77
456.875	11.75
457.342	11.57
457.809	11.5
458.276	11.66
458.743	11.8
459.21	11.74
459.678	11.48
460.145	11.44
460.612	11.45
461.079	11.45
461.547	11.55
462.014	11.3
462.481	11.38
462.949	11.15
463.416	11.08
463.884	10.82
464.351	10.61
464.819	10.58
465.286	10.46
465.754	10.3
466.222	10.28
466.689	10.03
467.157	10.14
467.625	9.96
468.093	9.97
468.56	9.68
469.028	9.53
469.496	9.45
469.964	9.32
470.432	9.15
470.9	9.06
471.368	9.03
471.836	9.04
472.305	8.9
472.773	8.76
473.241	8.69
473.709	8.71
474.178	8.74
474.646	8.93
475.114	9.08
475.583	9.15
476.051	9.23
476.52	9.17
476.988	9.15
477.457	9.18
477.925	9.17
478.394	9.25
478.863	9.42
479.331	9.54
479.8	9.49
480.269	9.73
480.737	10.02
481.206	10.1
481.675	10.45
482.144	11.19
482.613	15.24
483.082	27.25
483.551	41.95
484.02	52.69
484.489	55.9
484.958	56.67
485.428	56.75
485.897	56.73
486.366	56.92
486.835	57.01
487.305	56.42
487.774	53.49
488.243	50.05
488.713	51.96
489.182	58.06
489.652	64.51
490.121	65.92
490.591	66.02
491.06	66.11
491.53	65.81
492	65.55
492.469	65.41
492.939	64.12
493.409	55.71
493.879	39.23
494.349	22.37
494.818	12.7
495.288	10.46
495.758	9.91
496.228	9.52
496.698	9.5
497.168	9.32
497.639	9.17
498.109	9.19
498.579	9
499.049	8.93
499.519	8.89
499.99	8.93
500.46	8.94
500.93	9.15
501.401	9.24
501.871	9.31
502.342	9.36
502.812	9.26
503.283	9.25
503.753	9.28
504.224	9.28
504.695	9.24
505.165	9.24
505.636	9.31
506.107	9.28
506.577	9.05
507.048	9.04
507.519	9.11
507.99	9.38
508.461	9.36
508.932	9.51
509.403	9.65
509.874	9.96
510.345	10.08
510.816	10.08
511.287	10.01
511.759	10.26
512.23	10.59
512.701	10.75
513.172	10.72
513.644	10.87
514.115	10.86
514.587	10.75
515.058	10.43
515.529	10.27
516.001	10.32
516.473	10.54
516.944	10.51
517.416	10.13
517.887	9.76
518.359	9.77
518.831	9.67
519.303	9.75
519.774	9.86
520.246	9.92
520.718	10.01
521.19	10.01
521.662	9.78
522.134	9.84
522.606	10.09
523.078	10.4
523.55	10.59
524.022	10.87
524.494	10.9
524.967	10.9
525.439	10.91
525.911	10.96
526.383	11.05
526.856	11.25
527.328	11.4
527.801	11.2
528.273	11.19
528.746	11.3
529.218	11.53
529.691	11.92
530.163	12.2
530.636	12.69
531.109	13.02
531.581	13.57
532.054	14.21
532.527	14.95
533	16.02
533.472	17.05
533.945	17.84
534.418	18.53
534.891	18.95
535.364	19.97
535.837	21.15
536.31	22.61
536.783	23.94
537.257	25.45
537.73	27.69
538.203	30.74
538.676	34.16
539.149	38.62
539.623	44.93
540.096	53.8
540.57	65.19
541.043	81.51
541.516	107.72
541.99	169.42
542.463	516.7
542.937	1537.91
543.411	2843.65
543.884	3904.47
544.358	4341.71
544.832	4455.57
545.305	4488.09
545.779	4498.1
546.253	4495.26
546.727	4477.66
547.201	4422.27
547.675	4079.22
548.149	3060.06
548.623	1754.52
549.097	692.45
549.571	252.47
550.045	133.25
550.519	92.8
550.993	71.53
551.467	57.75
551.942	48.52
552.416	41.41
552.89	35.92
553.365	31.65
553.839	28.14
554.313	25.35
554.788	23.07
555.262	21.65
555.737	20.31
556.211	19.01
556.686	17.99
557.161	16.95
557.635	16
558.11	15.3
558.585	14.51
559.06	13.77
559.534	13.28
560.009	12.74
560.484	12.12
560.959	11.73
561.434	11.63
561.909	11.26
562.384	11.01
562.859	10.83
563.334	10.49
563.809	10.33
564.285	10.74
564.76	11.4
565.235	12.04
565.71	12.53
566.186	12.63
566.661	12.75
567.136	13
567.612	13.21
568.087	13.36
568.563	13.48
569.038	14.15
569.514	14.24
569.99	14.06
570.465	14.25
570.941	15.11
571.417	16.82
571.892	19.15
572.368	23.32
572.844	34.41
573.32	92.91
573.796	249.29
574.272	453.08
574.748	621.87
575.224	730.92
575.7	899.44
576.176	1142.45
576.652	1378.52
577.128	1510.48
577.604	1555.36
578.08	1559.17
578.556	1506.84
579.033	1353.92
579.509	1151.71
579.985	984.09
580.462	875.7
580.938	707.26
581.415	463.73
581.891	226.22
582.368	92
582.844	43.02
583.321	28.32
583.798	22.26
584.274	18.87
584.751	16.96
585.228	15.15
585.704	13.88
586.181	13.21
586.658	12.49
587.135	12.03
587.612	11.45
588.089	11.05
588.566	10.54
589.043	10.14
589.52	9.68
589.997	9.1
590.474	9.06
590.951	8.91
591.429	8.31
591.906	7.96
592.383	7.6
592.86	7.52
593.338	7.22
593.815	6.87
594.292	6.45
594.77	6.46
595.247	6.43
595.725	6.26
596.202	6.34
596.68	6.65
597.158	6.71
597.635	6.76
598.113	6.94
598.591	7.25
599.069	7.4
599.546	7.89
600.024	8.17
600.502	8.59
600.98	9.06
601.458	9.25
601.936	9.13
602.414	9.11
602.892	9.24
603.37	9.29
603.848	9.6
604.326	10.29
604.805	10.72
605.283	10.96
605.761	10.73
606.239	10.09
606.718	9.55
607.196	9.41
607.674	9.33
608.153	9.13
608.631	8.89
609.11	9.23
609.588	10.01
610.067	10.3
610.546	10.15
611.024	9.94
611.503	10.06
611.982	10.28
612.46	10.16
612.939	9.88
613.418	9.84
613.897	9.78
614.376	9.04
614.855	7.34
615.334	6.2
615.813	5.6
616.292	5.47
616.771	5.26
617.25	4.99
617.729	4.88
618.208	5.13
618.688	5.05
619.167	4.98
619.646	4.91
620.125	5.58
620.605	6.64
621.084	7.82
621.564	8.81
622.043	10.22
622.523	11.75
623.002	13.49
623.482	14.89
623.961	16.2
624.441	17.05
624.921	17.42
625.4	17
625.88	15.99
626.36	14.84
626.84	13.89
627.319	12.72
627.799	11.36
628.279	9.86
628.759	8.46
629.239	7.05
629.719	6.11
630.199	5.52
630.679	5.23
631.16	5.13
631.64	5.06
632.12	5.05
632.6	5.05
633.08	4.96
633.561	4.97
634.041	4.86
634.521	5.03
635.002	5.26
635.482	5.39
635.963	5.59
636.443	5.75
636.924	5.78
637.404	5.97
637.885	5.84
638.366	6.18
638.846	6.52
639.327	6.83
639.808	7.2
640.289	7.25
640.77	7.58
641.25	7.72
641.731	7.84
642.212	7.89
642.693	7.99
643.174	8.23
643.655	8.12
644.136	7.93
644.617	7.84
645.099	7.91
645.58	7.9
646.061	7.76
646.542	7.64
647.024	7.64
647.505	8.06
647.986	7.98
648.468	8.05
648.949	8.29
649.43	8.71
649.912	9.24
650.394	9.57
650.875	10.45
651.357	11.86
651.838	15.38
652.32	33.58
652.802	91.75
653.283	178.29
653.765	262.56
654.247	314.77
654.729	340.86
655.211	349.9
655.693	352.71
656.175	353.4
656.657	352.86
657.139	350.18
657.621	332.49
658.103	274.38
658.585	188.23
659.067	104.14
659.549	51.85
660.031	25.39
660.514	15.83
660.996	12.48
661.478	10.75
661.961	9.71
662.443	9.12
662.926	8.7
663.408	8.6
663.891	9.08
664.373	11.1
664.856	14.01
665.338	16.7
665.821	18.64
666.304	19.72
666.786	20.52
667.269	21.12
667.752	21.57
668.235	22.61
668.718	23.91
669.2	24.33
669.683	22.84
670.166	20.19
670.649	17.71
671.132	15.74
671.615	14.73
672.099	14.55
672.582	14.65
673.065	14.5
673.548	13.48
674.031	12.02
674.515	10.59
674.998	9.69
675.481	9.28
675.965	8.99
676.448	8.94
676.931	8.75
677.415	8.11
677.898	7.45
678.382	6.89
678.866	6.7
679.349	6.76
679.833	6.79
680.317	6.87
680.8	6.84
681.284	6.8
681.768	6.82
682.252	6.89
682.736	7.15
683.219	7.28
683.703	7.75
684.187	8.45
684.671	8.88
685.155	9.44
685.639	9.86
686.124	10.41
686.608	11.85
687.092	16.67
687.576	24.55
688.06	32.55
688.545	38.1
689.029	40.95
689.513	42.14
689.998	42.57
690.482	42.95
690.967	43.71
691.451	44.81
691.936	46.6
692.42	57.18
692.905	103.06
693.389	180.03
693.874	261.07
694.359	316
694.843	346.38
695.328	359.52
695.813	364.11
696.298	365.25
696.783	365.14
697.268	362.82
697.753	348.01
698.238	294.81
698.723	210.33
699.208	124.27
699.693	66.77
700.178	35.42
700.663	22.36
701.148	17.75
701.633	16.44
702.119	17.19
702.604	26.76
703.089	60.87
703.574	112.96
704.06	164.41
704.545	198.55
705.031	218.88
705.516	227.85
706.002	230.92
706.487	232.15
706.973	232.37
707.459	230.85
707.944	220.75
708.43	186.45
708.916	134.12
709.401	82.3
709.887	47.99
710.373	27.89
710.859	21.46
711.345	24.02
711.831	29.88
712.317	34.6
712.803	37.15
713.289	38.43
713.775	38.72
714.261	38.76
714.747	38.68
715.233	38.37
715.719	37.7
716.206	34.51
716.692	27.91
717.178	20.17
717.665	14.39
718.151	11.38
718.637	9.87
719.124	9.2
719.61	9.04
720.097	9.21
720.583	9.3
721.07	9.44
721.557	9.64
722.043	10.16
722.53	10.9
723.017	13.8
723.504	24.48
723.99	42.68
724.477	63.19
724.964	78.38
725.451	93.29
725.938	118.62
726.425	156.05
726.912	198.43
727.399	235.29
727.886	263.39
728.373	281.26
728.86	284.4
729.347	275.77
729.835	262.01
730.322	251.01
730.809	238.71
731.296	215.08
731.784	178.65
732.271	137.22
732.759	101.15
733.246	74.25
733.734	57.65
734.221	62.92
734.709	113.7
735.196	195.39
735.684	279.25
736.171	334.41
736.659	366.25
737.147	380.13
737.635	384.79
738.122	386.03
738.61	385.71
739.098	382.67
739.586	364.43
740.074	304.87
740.562	217.3
741.05	130.15
741.538	73.17
742.026	40.36
742.514	26.21
743.002	21.55
743.49	20.63
743.979	21.08
744.467	22.4
744.955	24.85
745.443	30.17
745.932	48.99
746.42	136.31
746.909	314.59
747.397	570.82
747.885	847.1
748.374	1084.71
748.862	1257.17
749.351	1350.16
749.84	1396.53
750.328	1414.29
750.817	1417.36
751.306	1402.73
751.794	1317.55
752.283	1140.8
752.772	885.83
753.261	610.55
753.75	373.26
754.239	200.91
754.728	107.5
755.217	60.34
755.706	40.88
756.195	33.82
756.684	31.59
757.173	31.97
757.662	33.91
758.151	38.19
758.641	49.01
759.13	103.52
759.619	325.05
760.108	722.02
760.598	1176.75
761.087	1503.01
761.577	1696.91
762.066	1788.3
762.556	1822.32
763.045	1833.81
763.535	1835.92
764.024	1828.65
764.514	1776.74
765.004	1556.75
765.493	1161.01
765.983	707.23
766.473	381.65
766.963	188.39
767.452	98.2
767.942	73.93
768.432	111.93
768.922	207.23
769.412	327.26
769.902	421.22
770.392	476.85
770.882	504.56
771.372	514.74
771.862	517.75
772.353	517.89
772.843	515.89
773.333	504.53
773.823	452.35
774.314	350.67
774.804	226.61
775.294	129.5
775.785	71.47
776.275	41.27
776.766	28.76
777.256	23.7
777.747	21.11
778.237	19.43
778.728	17.79
779.219	16.32
779.709	14.45
780.2	13.15
780.691	12.41
781.182	11.75
781.672	11.36
782.163	11.14
782.654	10.75
783.145	10.49
783.636	10.47
784.127	10.38
784.618	10.43
785.109	10.59
785.6	10.65
786.091	10.95
786.583	11.34
787.074	11.87
787.565	12.56
788.056	13.07
788.548	14.01
789.039	15.04
789.53	16.81
790.022	20.75
790.513	40.75
791.005	101.65
791.496	193.49
791.988	286.75
792.479	348.34
792.971	384.77
793.462	402.24
793.954	409.07
794.446	412.13
794.937	413.32
795.429	412.34
795.921	397.49
796.413	356.1
796.905	314.15
797.397	317.75
797.889	390.36
798.381	491.49
798.873	578.39
799.365	631.13
799.857	658.74
800.349	669.78
800.841	673.07
801.333	671.33
801.825	654.35
802.318	606.42
802.81	511.17
803.302	378.66
803.794	242.86
804.287	141.31
804.779	87.15
805.272	67.34
805.764	75.24
806.257	123.94
806.749	224.83
807.242	404.8
807.734	693.55
808.227	1046.97
808.72	1360.95
809.212	1559.56
809.705	1669.29
810.198	1716
810.691	1726.34
811.184	1715.84
811.676	1668.5
812.169	1569.91
812.662	1391.99
813.155	1104.56
813.648	751.65
814.141	437.11
814.634	237.28
815.128	125.45
815.621	73.2
816.114	51.77
816.607	40.94
817.1	33.67
817.594	28.2
818.087	24.15
818.58	21.09
819.074	19.18
819.567	18
820.061	17.6
820.554	17.35
821.048	17.23
821.541	16.98
822.035	17.01
822.528	17.16
823.022	17.4
