336.256	-0.01	336.256	0.42	336.256	0.05	
336.714	-0.02	336.714	0.48	336.714	0.04	
337.171	-0.01	337.171	0.48	337.171	0.05	
337.628	-0	337.628	0.47	337.628	0.07	
338.086	-0.01	338.086	0.46	338.086	0.07	
338.543	-0.02	338.543	0.46	338.543	0.08	
339.001	-0.02	339.001	0.46	339.001	0.1	
339.458	-0.03	339.458	0.48	339.458	0.11	
339.916	-0.04	339.916	0.47	339.916	0.1	
340.373	-0.05	340.373	0.46	340.373	0.09	
340.831	-0.04	340.831	0.46	340.831	0.09	
341.289	-0.03	341.289	0.46	341.289	0.1	
341.746	-0.02	341.746	0.43	341.746	0.11	
342.204	-0.04	342.204	0.4	342.204	0.1	
342.662	-0.04	342.662	0.4	342.662	0.09	
343.12	-0.03	343.12	0.43	343.12	0.09	
343.578	-0.02	343.578	0.44	343.578	0.07	
344.035	-0.02	344.035	0.45	344.035	0.06	
344.493	-0.01	344.493	0.46	344.493	0.05	
344.951	-0.01	344.951	0.45	344.951	0.06	
345.409	-0	345.409	0.47	345.409	0.08	
345.867	-0	345.867	0.48	345.867	0.08	
346.325	-0.01	346.325	0.5	346.325	0.07	
346.784	-0.01	346.784	0.54	346.784	0.07	
347.242	-0	347.242	0.56	347.242	0.08	
347.7	0	347.7	0.58	347.7	0.08	
348.158	0.01	348.158	0.56	348.158	0.09	
348.616	0.02	348.616	0.58	348.616	0.09	
349.075	0.01	349.075	0.55	349.075	0.1	
349.533	0	349.533	0.53	349.533	0.11	
349.992	-0	349.992	0.53	349.992	0.1	
350.45	-0	350.45	0.54	350.45	0.1	
350.908	-0	350.908	0.55	350.908	0.09	
351.367	-0.01	351.367	0.55	351.367	0.09	
351.825	-0.01	351.825	0.51	351.825	0.09	
352.284	-0.01	352.284	0.52	352.284	0.09	
352.743	-0.01	352.743	0.52	352.743	0.09	
353.201	-0.02	353.201	0.52	353.201	0.08	
353.66	-0.03	353.66	0.49	353.66	0.08	
354.119	-0.03	354.119	0.49	354.119	0.07	
354.577	-0.03	354.577	0.52	354.577	0.07	
355.036	-0.03	355.036	0.53	355.036	0.08	
355.495	-0.03	355.495	0.52	355.495	0.08	
355.954	-0.03	355.954	0.51	355.954	0.07	
356.413	-0.02	356.413	0.51	356.413	0.08	
356.872	-0.02	356.872	0.52	356.872	0.08	
357.331	-0.02	357.331	0.52	357.331	0.08	
357.79	-0.02	357.79	0.52	357.79	0.07	
358.249	-0.02	358.249	0.51	358.249	0.08	
358.708	-0.02	358.708	0.52	358.708	0.08	
359.167	-0.02	359.167	0.51	359.167	0.08	
359.626	-0.02	359.626	0.5	359.626	0.07	
360.085	-0.02	360.085	0.48	360.085	0.06	
360.545	-0.01	360.545	0.49	360.545	0.07	
361.004	-0.01	361.004	0.49	361.004	0.06	
361.463	-0.01	361.463	0.49	361.463	0.06	
361.923	-0.01	361.923	0.49	361.923	0.07	
362.382	-0.01	362.382	0.5	362.382	0.07	
362.842	-0.02	362.842	0.51	362.842	0.07	
363.301	-0.02	363.301	0.5	363.301	0.06	
363.76	-0.02	363.76	0.52	363.76	0.07	
364.22	-0.01	364.22	0.51	364.22	0.06	
364.68	-0.02	364.68	0.51	364.68	0.07	
365.139	-0.02	365.139	0.51	365.139	0.07	
365.599	-0.01	365.599	0.51	365.599	0.07	
366.059	-0.01	366.059	0.53	366.059	0.07	
366.518	-0.01	366.518	0.53	366.518	0.07	
366.978	-0.01	366.978	0.55	366.978	0.07	
367.438	-0.01	367.438	0.55	367.438	0.07	
367.898	-0	367.898	0.56	367.898	0.07	
368.358	0	368.358	0.56	368.358	0.08	
368.818	0	368.818	0.57	368.818	0.08	
369.278	0	369.278	0.59	369.278	0.09	
369.737	0	369.737	0.6	369.737	0.08	
370.198	0.01	370.198	0.6	370.198	0.08	
370.658	0	370.658	0.6	370.658	0.08	
371.118	-0	371.118	0.59	371.118	0.07	
371.578	-0	371.578	0.6	371.578	0.07	
372.038	-0	372.038	0.58	372.038	0.07	
372.498	-0	372.498	0.58	372.498	0.07	
372.959	0	372.959	0.58	372.959	0.07	
373.419	-0	373.419	0.58	373.419	0.08	
373.879	-0	373.879	0.57	373.879	0.07	
374.339	-0	374.339	0.57	374.339	0.07	
374.8	-0.01	374.8	0.58	374.8	0.07	
375.26	-0.01	375.26	0.6	375.26	0.08	
375.721	-0.01	375.721	0.6	375.721	0.08	
376.181	-0.01	376.181	0.6	376.181	0.08	
376.642	-0.01	376.642	0.59	376.642	0.09	
377.102	-0.01	377.102	0.59	377.102	0.08	
377.563	-0.01	377.563	0.61	377.563	0.08	
378.024	-0.01	378.024	0.61	378.024	0.08	
378.484	-0	378.484	0.61	378.484	0.08	
378.945	-0.01	378.945	0.62	378.945	0.08	
379.406	-0	379.406	0.61	379.406	0.09	
379.867	-0	379.867	0.61	379.867	0.09	
380.328	-0.01	380.328	0.6	380.328	0.09	
380.789	-0.01	380.789	0.61	380.789	0.09	
381.249	-0.01	381.249	0.61	381.249	0.09	
381.71	-0.01	381.71	0.63	381.71	0.09	
382.171	-0.01	382.171	0.63	382.171	0.09	
382.632	-0.01	382.632	0.61	382.632	0.08	
383.094	-0.01	383.094	0.6	383.094	0.09	
383.555	-0.01	383.555	0.61	383.555	0.09	
384.016	-0.01	384.016	0.61	384.016	0.09	
384.477	-0.01	384.477	0.62	384.477	0.09	
384.938	-0.01	384.938	0.62	384.938	0.09	
385.399	-0.01	385.399	0.63	385.399	0.09	
385.861	-0.01	385.861	0.63	385.861	0.09	
386.322	-0.01	386.322	0.63	386.322	0.09	
386.783	-0.01	386.783	0.63	386.783	0.09	
387.245	-0.01	387.245	0.64	387.245	0.09	
387.706	-0.01	387.706	0.65	387.706	0.1	
388.168	-0	388.168	0.66	388.168	0.1	
388.629	-0	388.629	0.66	388.629	0.1	
389.091	-0.01	389.091	0.66	389.091	0.1	
389.553	-0.01	389.553	0.66	389.553	0.1	
390.014	-0.01	390.014	0.68	390.014	0.1	
390.476	-0.01	390.476	0.68	390.476	0.1	
390.938	-0	390.938	0.69	390.938	0.1	
391.399	-0.01	391.399	0.69	391.399	0.1	
391.861	-0.01	391.861	0.7	391.861	0.1	
392.323	-0	392.323	0.69	392.323	0.1	
392.785	-0	392.785	0.69	392.785	0.1	
393.247	-0.01	393.247	0.7	393.247	0.1	
393.709	-0.01	393.709	0.71	393.709	0.1	
394.17	-0.01	394.17	0.71	394.17	0.1	
394.633	-0	394.633	0.72	394.633	0.1	
395.095	-0.01	395.095	0.71	395.095	0.1	
395.557	-0.01	395.557	0.72	395.557	0.1	
396.019	-0	396.019	0.72	396.019	0.1	
396.481	-0	396.481	0.71	396.481	0.1	
396.943	-0	396.943	0.72	396.943	0.11	
397.405	-0	397.405	0.71	397.405	0.11	
397.868	-0	397.868	0.71	397.868	0.11	
398.33	-0	398.33	0.71	398.33	0.11	
398.792	-0	398.792	0.71	398.792	0.11	
399.255	-0	399.255	0.71	399.255	0.11	
399.717	-0	399.717	0.71	399.717	0.11	
400.179	-0	400.179	0.71	400.179	0.11	
400.642	-0	400.642	0.71	400.642	0.11	
401.104	-0	401.104	0.71	401.104	0.11	
401.567	-0	401.567	0.71	401.567	0.11	
402.03	-0	402.03	0.71	402.03	0.12	
402.492	-0	402.492	0.71	402.492	0.12	
402.955	-0	402.955	0.71	402.955	0.12	
403.418	-0	403.418	0.72	403.418	0.12	
403.88	-0	403.88	0.72	403.88	0.12	
404.343	-0	404.343	0.72	404.343	0.12	
404.806	-0	404.806	0.72	404.806	0.12	
405.269	-0	405.269	0.72	405.269	0.12	
405.732	-0	405.732	0.72	405.732	0.13	
406.195	-0	406.195	0.73	406.195	0.13	
406.658	-0	406.658	0.73	406.658	0.13	
407.121	-0	407.121	0.72	407.121	0.13	
407.584	-0	407.584	0.73	407.584	0.13	
408.047	-0	408.047	0.73	408.047	0.13	
408.51	-0	408.51	0.73	408.51	0.13	
408.973	-0	408.973	0.72	408.973	0.13	
409.436	-0	409.436	0.73	409.436	0.13	
409.899	-0	409.899	0.73	409.899	0.12	
410.363	-0	410.363	0.73	410.363	0.12	
410.826	-0	410.826	0.74	410.826	0.12	
411.289	-0	411.289	0.73	411.289	0.12	
411.753	-0	411.753	0.74	411.753	0.12	
412.216	-0	412.216	0.74	412.216	0.12	
412.68	-0	412.68	0.74	412.68	0.12	
413.143	-0	413.143	0.74	413.143	0.12	
413.607	-0.01	413.607	0.74	413.607	0.12	
414.07	-0.01	414.07	0.75	414.07	0.11	
414.534	-0.01	414.534	0.75	414.534	0.11	
414.997	-0.01	414.997	0.75	414.997	0.11	
415.461	-0.01	415.461	0.75	415.461	0.11	
415.925	-0.01	415.925	0.75	415.925	0.11	
416.388	-0.01	416.388	0.75	416.388	0.11	
416.852	-0.01	416.852	0.75	416.852	0.11	
417.316	-0.01	417.316	0.75	417.316	0.11	
417.78	-0.01	417.78	0.75	417.78	0.1	
418.244	-0.01	418.244	0.75	418.244	0.1	
418.708	-0.01	418.708	0.75	418.708	0.1	
419.172	-0.01	419.172	0.75	419.172	0.1	
419.636	-0.01	419.636	0.75	419.636	0.1	
420.1	-0	420.1	0.75	420.1	0.1	
420.564	-0	420.564	0.75	420.564	0.1	
421.028	-0	421.028	0.75	421.028	0.1	
421.492	-0	421.492	0.75	421.492	0.1	
421.956	-0	421.956	0.75	421.956	0.09	
422.421	-0	422.421	0.75	422.421	0.09	
422.885	-0	422.885	0.76	422.885	0.09	
423.349	-0	423.349	0.75	423.349	0.09	
423.813	-0	423.813	0.76	423.813	0.09	
424.278	-0	424.278	0.76	424.278	0.09	
424.742	-0	424.742	0.76	424.742	0.09	
425.207	-0	425.207	0.76	425.207	0.09	
425.671	-0	425.671	0.76	425.671	0.09	
426.136	-0	426.136	0.76	426.136	0.09	
426.6	-0	426.6	0.76	426.6	0.08	
427.065	-0	427.065	0.76	427.065	0.08	
427.529	-0	427.529	0.76	427.529	0.08	
427.994	-0	427.994	0.76	427.994	0.08	
428.459	-0	428.459	0.76	428.459	0.08	
428.924	-0	428.924	0.76	428.924	0.08	
429.388	-0	429.388	0.76	429.388	0.08	
429.853	-0	429.853	0.76	429.853	0.08	
430.318	-0	430.318	0.76	430.318	0.08	
430.783	-0	430.783	0.76	430.783	0.08	
431.248	-0	431.248	0.76	431.248	0.08	
431.713	-0	431.713	0.76	431.713	0.08	
432.178	-0	432.178	0.76	432.178	0.08	
432.643	-0	432.643	0.75	432.643	0.08	
433.108	-0	433.108	0.76	433.108	0.08	
433.573	-0	433.573	0.76	433.573	0.08	
434.038	-0	434.038	0.76	434.038	0.08	
434.503	-0	434.503	0.75	434.503	0.08	
434.968	-0	434.968	0.76	434.968	0.08	
435.434	-0	435.434	0.76	435.434	0.08	
435.899	-0	435.899	0.76	435.899	0.07	
436.364	-0	436.364	0.76	436.364	0.08	
436.83	-0	436.83	0.76	436.83	0.08	
437.295	-0	437.295	0.76	437.295	0.07	
437.761	-0	437.761	0.76	437.761	0.07	
438.226	-0	438.226	0.76	438.226	0.07	
438.692	-0	438.692	0.76	438.692	0.07	
439.157	-0	439.157	0.76	439.157	0.07	
439.623	-0	439.623	0.76	439.623	0.07	
440.088	-0	440.088	0.76	440.088	0.07	
440.554	-0	440.554	0.76	440.554	0.07	
441.02	-0	441.02	0.76	441.02	0.07	
441.485	-0	441.485	0.75	441.485	0.07	
441.951	-0	441.951	0.75	441.951	0.07	
442.417	-0	442.417	0.76	442.417	0.07	
442.883	-0	442.883	0.75	442.883	0.08	
443.349	-0	443.349	0.75	443.349	0.08	
443.815	-0	443.815	0.75	443.815	0.08	
444.281	-0	444.281	0.76	444.281	0.08	
444.747	-0	444.747	0.75	444.747	0.08	
445.213	-0	445.213	0.75	445.213	0.08	
445.679	-0	445.679	0.75	445.679	0.08	
446.145	-0	446.145	0.75	446.145	0.08	
446.611	-0	446.611	0.75	446.611	0.08	
447.077	-0	447.077	0.75	447.077	0.08	
447.543	-0	447.543	0.75	447.543	0.08	
448.009	-0	448.009	0.75	448.009	0.08	
448.476	-0	448.476	0.75	448.476	0.08	
448.942	-0	448.942	0.75	448.942	0.08	
449.408	-0	449.408	0.75	449.408	0.08	
449.875	-0	449.875	0.75	449.875	0.08	
450.341	-0	450.341	0.75	450.341	0.08	
450.808	-0	450.808	0.75	450.808	0.08	
451.274	-0	451.274	0.75	451.274	0.08	
451.741	-0	451.741	0.75	451.741	0.08	
452.207	-0	452.207	0.74	452.207	0.08	
452.674	-0	452.674	0.74	452.674	0.08	
453.141	-0	453.141	0.74	453.141	0.08	
453.607	-0	453.607	0.74	453.607	0.08	
454.074	-0	454.074	0.74	454.074	0.08	
454.541	-0	454.541	0.74	454.541	0.08	
455.008	-0	455.008	0.74	455.008	0.09	
455.474	-0	455.474	0.74	455.474	0.09	
455.941	-0	455.941	0.74	455.941	0.09	
456.408	-0	456.408	0.74	456.408	0.09	
456.875	-0	456.875	0.74	456.875	0.09	
457.342	-0	457.342	0.74	457.342	0.09	
457.809	-0	457.809	0.73	457.809	0.09	
458.276	-0	458.276	0.73	458.276	0.09	
458.743	-0	458.743	0.73	458.743	0.09	
459.21	-0	459.21	0.73	459.21	0.09	
459.678	-0	459.678	0.73	459.678	0.09	
460.145	-0	460.145	0.73	460.145	0.09	
460.612	-0	460.612	0.73	460.612	0.09	
461.079	-0	461.079	0.72	461.079	0.09	
461.547	-0	461.547	0.72	461.547	0.1	
462.014	-0	462.014	0.72	462.014	0.1	
462.481	-0	462.481	0.72	462.481	0.1	
462.949	-0	462.949	0.72	462.949	0.1	
463.416	-0	463.416	0.72	463.416	0.1	
463.884	-0	463.884	0.72	463.884	0.1	
464.351	-0	464.351	0.72	464.351	0.1	
464.819	-0	464.819	0.72	464.819	0.1	
465.286	-0	465.286	0.72	465.286	0.1	
465.754	-0	465.754	0.72	465.754	0.1	
466.222	-0	466.222	0.72	466.222	0.1	
466.689	-0	466.689	0.72	466.689	0.1	
467.157	-0	467.157	0.71	467.157	0.1	
467.625	-0	467.625	0.71	467.625	0.1	
468.093	-0	468.093	0.71	468.093	0.1	
468.56	-0	468.56	0.71	468.56	0.11	
469.028	-0	469.028	0.71	469.028	0.11	
469.496	-0	469.496	0.71	469.496	0.11	
469.964	-0	469.964	0.71	469.964	0.11	
470.432	-0	470.432	0.71	470.432	0.11	
470.9	-0	470.9	0.71	470.9	0.11	
471.368	-0	471.368	0.7	471.368	0.11	
471.836	-0	471.836	0.7	471.836	0.11	
472.305	-0	472.305	0.7	472.305	0.11	
472.773	-0	472.773	0.7	472.773	0.11	
473.241	-0	473.241	0.7	473.241	0.11	
473.709	-0	473.709	0.7	473.709	0.11	
474.178	-0	474.178	0.7	474.178	0.12	
474.646	-0	474.646	0.7	474.646	0.12	
475.114	-0	475.114	0.7	475.114	0.12	
475.583	-0	475.583	0.7	475.583	0.12	
476.051	-0	476.051	0.7	476.051	0.12	
476.52	-0	476.52	0.7	476.52	0.12	
476.988	-0	476.988	0.7	476.988	0.12	
477.457	-0	477.457	0.69	477.457	0.12	
477.925	-0	477.925	0.69	477.925	0.12	
478.394	-0	478.394	0.69	478.394	0.12	
478.863	-0	478.863	0.69	478.863	0.12	
479.331	-0	479.331	0.69	479.331	0.12	
479.8	-0	479.8	0.69	479.8	0.12	
480.269	-0	480.269	0.69	480.269	0.13	
480.737	-0	480.737	0.69	480.737	0.13	
481.206	-0	481.206	0.69	481.206	0.13	
481.675	-0	481.675	0.69	481.675	0.13	
482.144	-0	482.144	0.68	482.144	0.13	
482.613	-0	482.613	0.68	482.613	0.13	
483.082	-0	483.082	0.68	483.082	0.13	
483.551	-0	483.551	0.68	483.551	0.13	
484.02	-0	484.02	0.68	484.02	0.13	
484.489	-0	484.489	0.68	484.489	0.13	
484.958	-0	484.958	0.68	484.958	0.13	
485.428	-0	485.428	0.68	485.428	0.13	
485.897	-0	485.897	0.68	485.897	0.13	
486.366	-0	486.366	0.67	486.366	0.14	
486.835	-0	486.835	0.67	486.835	0.14	
487.305	-0	487.305	0.67	487.305	0.14	
487.774	-0	487.774	0.67	487.774	0.14	
488.243	-0	488.243	0.67	488.243	0.14	
488.713	-0	488.713	0.67	488.713	0.14	
489.182	-0	489.182	0.67	489.182	0.14	
489.652	-0	489.652	0.67	489.652	0.14	
490.121	-0	490.121	0.67	490.121	0.14	
490.591	-0	490.591	0.67	490.591	0.14	
491.06	-0	491.06	0.67	491.06	0.14	
491.53	-0	491.53	0.66	491.53	0.14	
492	-0	492	0.66	492	0.14	
492.469	-0	492.469	0.66	492.469	0.15	
492.939	-0	492.939	0.66	492.939	0.15	
493.409	-0	493.409	0.66	493.409	0.15	
493.879	-0	493.879	0.66	493.879	0.15	
494.349	-0	494.349	0.66	494.349	0.15	
494.818	-0	494.818	0.66	494.818	0.15	
495.288	-0	495.288	0.66	495.288	0.15	
495.758	-0	495.758	0.66	495.758	0.15	
496.228	-0	496.228	0.66	496.228	0.15	
496.698	-0	496.698	0.66	496.698	0.15	
497.168	-0	497.168	0.66	497.168	0.15	
497.639	-0	497.639	0.66	497.639	0.15	
498.109	-0	498.109	0.66	498.109	0.15	
498.579	-0	498.579	0.66	498.579	0.15	
499.049	-0	499.049	0.66	499.049	0.15	
499.519	-0	499.519	0.66	499.519	0.16	
499.99	-0	499.99	0.66	499.99	0.16	
500.46	-0	500.46	0.66	500.46	0.16	
500.93	-0	500.93	0.66	500.93	0.16	
501.401	-0	501.401	0.66	501.401	0.16	
501.871	-0	501.871	0.66	501.871	0.16	
502.342	-0	502.342	0.66	502.342	0.16	
502.812	-0	502.812	0.66	502.812	0.16	
503.283	-0	503.283	0.66	503.283	0.16	
503.753	-0	503.753	0.66	503.753	0.16	
504.224	-0	504.224	0.66	504.224	0.16	
504.695	-0	504.695	0.66	504.695	0.16	
505.165	-0	505.165	0.66	505.165	0.16	
505.636	-0	505.636	0.66	505.636	0.17	
506.107	-0	506.107	0.66	506.107	0.17	
506.577	-0	506.577	0.67	506.577	0.17	
507.048	-0	507.048	0.67	507.048	0.17	
507.519	-0	507.519	0.67	507.519	0.17	
507.99	-0	507.99	0.67	507.99	0.17	
508.461	-0	508.461	0.67	508.461	0.17	
508.932	-0	508.932	0.67	508.932	0.17	
509.403	-0	509.403	0.67	509.403	0.17	
509.874	-0	509.874	0.67	509.874	0.17	
510.345	-0	510.345	0.67	510.345	0.17	
510.816	-0	510.816	0.67	510.816	0.17	
511.287	-0	511.287	0.67	511.287	0.17	
511.759	-0	511.759	0.67	511.759	0.17	
512.23	-0	512.23	0.67	512.23	0.17	
512.701	-0	512.701	0.67	512.701	0.17	
513.172	-0	513.172	0.67	513.172	0.17	
513.644	-0	513.644	0.67	513.644	0.17	
514.115	-0	514.115	0.67	514.115	0.17	
514.587	-0	514.587	0.67	514.587	0.18	
515.058	-0	515.058	0.67	515.058	0.18	
515.529	-0	515.529	0.67	515.529	0.18	
516.001	-0	516.001	0.67	516.001	0.18	
516.473	-0	516.473	0.67	516.473	0.18	
516.944	-0	516.944	0.67	516.944	0.18	
517.416	-0	517.416	0.67	517.416	0.18	
517.887	-0	517.887	0.67	517.887	0.18	
518.359	-0	518.359	0.67	518.359	0.18	
518.831	-0	518.831	0.67	518.831	0.18	
519.303	-0	519.303	0.67	519.303	0.18	
519.774	-0	519.774	0.67	519.774	0.18	
520.246	-0	520.246	0.67	520.246	0.18	
520.718	-0	520.718	0.66	520.718	0.18	
521.19	-0	521.19	0.66	521.19	0.18	
521.662	-0	521.662	0.66	521.662	0.18	
522.134	-0	522.134	0.66	522.134	0.18	
522.606	-0	522.606	0.66	522.606	0.18	
523.078	-0	523.078	0.66	523.078	0.18	
523.55	-0	523.55	0.66	523.55	0.18	
524.022	-0	524.022	0.66	524.022	0.18	
524.494	-0	524.494	0.66	524.494	0.18	
524.967	-0	524.967	0.66	524.967	0.18	
525.439	-0	525.439	0.66	525.439	0.18	
525.911	-0	525.911	0.66	525.911	0.18	
526.383	-0	526.383	0.66	526.383	0.18	
526.856	-0	526.856	0.66	526.856	0.18	
527.328	-0	527.328	0.66	527.328	0.18	
527.801	-0	527.801	0.66	527.801	0.18	
528.273	-0	528.273	0.65	528.273	0.18	
528.746	-0	528.746	0.65	528.746	0.18	
529.218	-0	529.218	0.65	529.218	0.18	
529.691	-0	529.691	0.65	529.691	0.18	
530.163	-0	530.163	0.65	530.163	0.18	
530.636	-0	530.636	0.65	530.636	0.18	
531.109	-0	531.109	0.65	531.109	0.18	
531.581	-0	531.581	0.65	531.581	0.18	
532.054	-0	532.054	0.65	532.054	0.18	
532.527	-0	532.527	0.65	532.527	0.18	
533	-0	533	0.64	533	0.18	
533.472	-0	533.472	0.64	533.472	0.18	
533.945	-0	533.945	0.64	533.945	0.18	
534.418	-0	534.418	0.64	534.418	0.18	
534.891	-0	534.891	0.64	534.891	0.18	
535.364	-0	535.364	0.64	535.364	0.18	
535.837	-0	535.837	0.64	535.837	0.18	
536.31	-0	536.31	0.64	536.31	0.18	
536.783	-0	536.783	0.63	536.783	0.18	
537.257	-0	537.257	0.63	537.257	0.18	
537.73	-0	537.73	0.63	537.73	0.18	
538.203	-0	538.203	0.63	538.203	0.18	
538.676	-0	538.676	0.63	538.676	0.18	
539.149	-0	539.149	0.63	539.149	0.18	
539.623	-0	539.623	0.63	539.623	0.18	
540.096	-0	540.096	0.63	540.096	0.18	
540.57	-0	540.57	0.63	540.57	0.18	
541.043	-0	541.043	0.63	541.043	0.18	
541.516	-0	541.516	0.63	541.516	0.18	
541.99	-0	541.99	0.63	541.99	0.19	
542.463	-0	542.463	0.62	542.463	0.19	
542.937	-0	542.937	0.62	542.937	0.19	
543.411	-0	543.411	0.62	543.411	0.19	
543.884	-0	543.884	0.62	543.884	0.19	
544.358	-0	544.358	0.62	544.358	0.19	
544.832	-0	544.832	0.62	544.832	0.19	
545.305	-0	545.305	0.62	545.305	0.19	
545.779	-0	545.779	0.62	545.779	0.19	
546.253	-0	546.253	0.62	546.253	0.19	
546.727	-0	546.727	0.62	546.727	0.19	
547.201	-0	547.201	0.61	547.201	0.19	
547.675	-0	547.675	0.61	547.675	0.19	
548.149	-0	548.149	0.61	548.149	0.19	
548.623	-0	548.623	0.61	548.623	0.19	
549.097	-0	549.097	0.61	549.097	0.19	
549.571	-0	549.571	0.61	549.571	0.19	
550.045	-0	550.045	0.61	550.045	0.19	
550.519	-0	550.519	0.61	550.519	0.19	
550.993	-0	550.993	0.61	550.993	0.19	
551.467	-0	551.467	0.6	551.467	0.19	
551.942	-0	551.942	0.6	551.942	0.19	
552.416	-0	552.416	0.6	552.416	0.19	
552.89	-0	552.89	0.6	552.89	0.19	
553.365	-0	553.365	0.6	553.365	0.19	
553.839	-0	553.839	0.6	553.839	0.2	
554.313	-0	554.313	0.6	554.313	0.2	
554.788	-0	554.788	0.59	554.788	0.2	
555.262	-0	555.262	0.59	555.262	0.2	
555.737	-0	555.737	0.59	555.737	0.2	
556.211	-0	556.211	0.59	556.211	0.2	
556.686	-0	556.686	0.59	556.686	0.2	
557.161	-0	557.161	0.58	557.161	0.2	
557.635	-0	557.635	0.58	557.635	0.2	
558.11	-0	558.11	0.58	558.11	0.2	
558.585	-0	558.585	0.58	558.585	0.2	
559.06	-0	559.06	0.58	559.06	0.2	
559.534	-0	559.534	0.57	559.534	0.2	
560.009	-0	560.009	0.57	560.009	0.2	
560.484	-0	560.484	0.57	560.484	0.2	
560.959	-0	560.959	0.57	560.959	0.2	
561.434	-0	561.434	0.57	561.434	0.2	
561.909	-0	561.909	0.56	561.909	0.21	
562.384	-0	562.384	0.56	562.384	0.21	
562.859	-0	562.859	0.56	562.859	0.21	
563.334	-0	563.334	0.56	563.334	0.21	
563.809	-0	563.809	0.55	563.809	0.21	
564.285	-0	564.285	0.55	564.285	0.21	
564.76	-0	564.76	0.55	564.76	0.21	
565.235	-0	565.235	0.55	565.235	0.21	
565.71	-0	565.71	0.55	565.71	0.21	
566.186	-0	566.186	0.54	566.186	0.21	
566.661	-0	566.661	0.54	566.661	0.21	
567.136	-0	567.136	0.54	567.136	0.21	
567.612	-0	567.612	0.54	567.612	0.21	
568.087	-0	568.087	0.53	568.087	0.22	
568.563	-0	568.563	0.53	568.563	0.22	
569.038	-0	569.038	0.53	569.038	0.22	
569.514	-0	569.514	0.53	569.514	0.22	
569.99	-0	569.99	0.52	569.99	0.22	
570.465	-0	570.465	0.52	570.465	0.22	
570.941	-0	570.941	0.52	570.941	0.22	
571.417	-0	571.417	0.52	571.417	0.22	
571.892	-0	571.892	0.52	571.892	0.22	
572.368	-0	572.368	0.51	572.368	0.22	
572.844	-0	572.844	0.51	572.844	0.22	
573.32	-0	573.32	0.51	573.32	0.22	
573.796	-0	573.796	0.51	573.796	0.23	
574.272	-0	574.272	0.5	574.272	0.23	
574.748	-0	574.748	0.5	574.748	0.23	
575.224	-0	575.224	0.5	575.224	0.23	
575.7	-0	575.7	0.5	575.7	0.23	
576.176	-0	576.176	0.49	576.176	0.23	
576.652	-0	576.652	0.49	576.652	0.23	
577.128	-0	577.128	0.49	577.128	0.23	
577.604	-0	577.604	0.49	577.604	0.23	
578.08	-0	578.08	0.49	578.08	0.23	
578.556	-0	578.556	0.48	578.556	0.24	
579.033	-0	579.033	0.48	579.033	0.24	
579.509	-0	579.509	0.48	579.509	0.24	
579.985	-0	579.985	0.48	579.985	0.24	
580.462	-0	580.462	0.48	580.462	0.24	
580.938	-0	580.938	0.47	580.938	0.24	
581.415	-0	581.415	0.47	581.415	0.24	
581.891	-0	581.891	0.47	581.891	0.24	
582.368	-0	582.368	0.47	582.368	0.24	
582.844	-0	582.844	0.47	582.844	0.24	
583.321	-0	583.321	0.47	583.321	0.25	
583.798	-0	583.798	0.46	583.798	0.25	
584.274	-0	584.274	0.46	584.274	0.25	
584.751	-0	584.751	0.46	584.751	0.25	
585.228	-0	585.228	0.46	585.228	0.25	
585.704	-0	585.704	0.46	585.704	0.25	
586.181	-0	586.181	0.46	586.181	0.25	
586.658	-0	586.658	0.46	586.658	0.25	
587.135	-0	587.135	0.46	587.135	0.25	
587.612	-0	587.612	0.46	587.612	0.26	
588.089	-0	588.089	0.45	588.089	0.26	
588.566	-0	588.566	0.45	588.566	0.26	
589.043	-0	589.043	0.45	589.043	0.26	
589.52	-0	589.52	0.45	589.52	0.26	
589.997	-0	589.997	0.45	589.997	0.26	
590.474	-0	590.474	0.45	590.474	0.26	
590.951	-0	590.951	0.45	590.951	0.27	
591.429	-0	591.429	0.45	591.429	0.27	
591.906	-0	591.906	0.45	591.906	0.27	
592.383	-0	592.383	0.45	592.383	0.27	
592.86	-0	592.86	0.44	592.86	0.27	
593.338	-0	593.338	0.44	593.338	0.27	
593.815	-0	593.815	0.44	593.815	0.28	
594.292	-0	594.292	0.44	594.292	0.28	
594.77	-0	594.77	0.44	594.77	0.28	
595.247	-0	595.247	0.44	595.247	0.28	
595.725	-0	595.725	0.44	595.725	0.29	
596.202	-0	596.202	0.44	596.202	0.29	
596.68	-0	596.68	0.44	596.68	0.29	
597.158	-0	597.158	0.44	597.158	0.29	
597.635	-0	597.635	0.44	597.635	0.3	
598.113	-0	598.113	0.44	598.113	0.3	
598.591	-0	598.591	0.44	598.591	0.3	
599.069	-0	599.069	0.44	599.069	0.31	
599.546	-0	599.546	0.44	599.546	0.31	
600.024	-0	600.024	0.44	600.024	0.31	
600.502	-0	600.502	0.44	600.502	0.32	
600.98	-0	600.98	0.43	600.98	0.32	
601.458	-0	601.458	0.43	601.458	0.33	
601.936	-0	601.936	0.43	601.936	0.33	
602.414	-0	602.414	0.43	602.414	0.33	
602.892	-0	602.892	0.43	602.892	0.34	
603.37	-0	603.37	0.43	603.37	0.34	
603.848	-0	603.848	0.43	603.848	0.35	
604.326	-0	604.326	0.43	604.326	0.35	
604.805	-0	604.805	0.43	604.805	0.36	
605.283	-0	605.283	0.43	605.283	0.36	
605.761	-0	605.761	0.43	605.761	0.37	
606.239	-0	606.239	0.43	606.239	0.37	
606.718	-0	606.718	0.43	606.718	0.38	
607.196	-0	607.196	0.43	607.196	0.38	
607.674	-0	607.674	0.43	607.674	0.39	
608.153	-0	608.153	0.43	608.153	0.4	
608.631	-0	608.631	0.43	608.631	0.4	
609.11	-0	609.11	0.43	609.11	0.41	
609.588	-0	609.588	0.43	609.588	0.41	
610.067	-0	610.067	0.43	610.067	0.42	
610.546	-0	610.546	0.43	610.546	0.43	
611.024	-0	611.024	0.43	611.024	0.43	
611.503	-0	611.503	0.43	611.503	0.44	
611.982	-0	611.982	0.43	611.982	0.45	
612.46	-0	612.46	0.43	612.46	0.45	
612.939	-0	612.939	0.43	612.939	0.46	
613.418	-0	613.418	0.43	613.418	0.47	
613.897	-0	613.897	0.43	613.897	0.47	
614.376	-0	614.376	0.43	614.376	0.48	
614.855	-0	614.855	0.43	614.855	0.49	
615.334	-0	615.334	0.43	615.334	0.5	
615.813	-0	615.813	0.43	615.813	0.5	
616.292	-0	616.292	0.43	616.292	0.51	
616.771	-0	616.771	0.43	616.771	0.52	
617.25	-0	617.25	0.43	617.25	0.52	
617.729	-0	617.729	0.43	617.729	0.53	
618.208	-0	618.208	0.43	618.208	0.54	
618.688	-0	618.688	0.43	618.688	0.54	
619.167	-0	619.167	0.43	619.167	0.55	
619.646	-0	619.646	0.43	619.646	0.56	
620.125	-0	620.125	0.43	620.125	0.56	
620.605	-0	620.605	0.43	620.605	0.57	
621.084	-0	621.084	0.43	621.084	0.58	
621.564	-0	621.564	0.43	621.564	0.58	
622.043	-0	622.043	0.43	622.043	0.59	
622.523	-0	622.523	0.43	622.523	0.59	
623.002	-0	623.002	0.43	623.002	0.6	
623.482	-0	623.482	0.43	623.482	0.6	
623.961	-0	623.961	0.43	623.961	0.61	
624.441	-0	624.441	0.43	624.441	0.61	
624.921	-0	624.921	0.43	624.921	0.61	
625.4	-0	625.4	0.43	625.4	0.62	
625.88	-0	625.88	0.43	625.88	0.62	
626.36	-0	626.36	0.43	626.36	0.62	
626.84	-0	626.84	0.43	626.84	0.62	
627.319	-0	627.319	0.43	627.319	0.63	
627.799	-0	627.799	0.43	627.799	0.63	
628.279	-0	628.279	0.43	628.279	0.63	
628.759	-0	628.759	0.43	628.759	0.63	
629.239	-0	629.239	0.43	629.239	0.63	
629.719	-0	629.719	0.43	629.719	0.63	
630.199	-0	630.199	0.43	630.199	0.63	
630.679	-0	630.679	0.43	630.679	0.63	
631.16	-0	631.16	0.43	631.16	0.62	
631.64	-0	631.64	0.43	631.64	0.62	
632.12	-0	632.12	0.43	632.12	0.62	
632.6	-0	632.6	0.43	632.6	0.62	
633.08	-0	633.08	0.43	633.08	0.61	
633.561	-0	633.561	0.43	633.561	0.61	
634.041	-0	634.041	0.43	634.041	0.6	
634.521	-0	634.521	0.43	634.521	0.6	
635.002	-0	635.002	0.43	635.002	0.59	
635.482	-0	635.482	0.43	635.482	0.58	
635.963	-0	635.963	0.43	635.963	0.58	
636.443	-0	636.443	0.43	636.443	0.57	
636.924	-0	636.924	0.43	636.924	0.56	
637.404	-0	637.404	0.43	637.404	0.56	
637.885	-0	637.885	0.44	637.885	0.55	
638.366	-0	638.366	0.44	638.366	0.54	
638.846	-0	638.846	0.44	638.846	0.53	
639.327	-0	639.327	0.44	639.327	0.52	
639.808	-0	639.808	0.44	639.808	0.51	
640.289	-0	640.289	0.44	640.289	0.5	
640.77	-0	640.77	0.44	640.77	0.49	
641.25	-0	641.25	0.44	641.25	0.48	
641.731	-0	641.731	0.44	641.731	0.47	
642.212	-0	642.212	0.44	642.212	0.46	
642.693	-0	642.693	0.44	642.693	0.45	
643.174	-0	643.174	0.44	643.174	0.44	
643.655	-0	643.655	0.44	643.655	0.43	
644.136	-0	644.136	0.44	644.136	0.42	
644.617	-0	644.617	0.44	644.617	0.41	
645.099	-0	645.099	0.44	645.099	0.4	
645.58	-0	645.58	0.44	645.58	0.39	
646.061	-0	646.061	0.44	646.061	0.38	
646.542	-0	646.542	0.44	646.542	0.37	
647.024	-0	647.024	0.44	647.024	0.36	
647.505	-0	647.505	0.44	647.505	0.35	
647.986	-0	647.986	0.44	647.986	0.34	
648.468	-0	648.468	0.44	648.468	0.33	
648.949	-0	648.949	0.44	648.949	0.32	
649.43	-0	649.43	0.44	649.43	0.31	
649.912	-0	649.912	0.44	649.912	0.3	
650.394	-0	650.394	0.44	650.394	0.29	
650.875	-0	650.875	0.44	650.875	0.28	
651.357	-0	651.357	0.44	651.357	0.28	
651.838	-0	651.838	0.44	651.838	0.27	
652.32	-0	652.32	0.44	652.32	0.26	
652.802	-0	652.802	0.44	652.802	0.25	
653.283	-0	653.283	0.44	653.283	0.24	
653.765	-0	653.765	0.44	653.765	0.24	
654.247	-0	654.247	0.44	654.247	0.23	
654.729	-0	654.729	0.44	654.729	0.22	
655.211	-0	655.211	0.44	655.211	0.21	
655.693	-0	655.693	0.44	655.693	0.21	
656.175	-0	656.175	0.44	656.175	0.2	
656.657	-0	656.657	0.44	656.657	0.19	
657.139	-0	657.139	0.44	657.139	0.19	
657.621	-0	657.621	0.44	657.621	0.18	
658.103	-0	658.103	0.44	658.103	0.17	
658.585	-0	658.585	0.44	658.585	0.17	
659.067	-0	659.067	0.44	659.067	0.16	
659.549	-0	659.549	0.44	659.549	0.16	
660.031	-0	660.031	0.44	660.031	0.15	
660.514	-0	660.514	0.44	660.514	0.15	
660.996	-0	660.996	0.44	660.996	0.14	
661.478	-0	661.478	0.44	661.478	0.14	
661.961	-0	661.961	0.44	661.961	0.13	
662.443	-0	662.443	0.44	662.443	0.13	
662.926	-0	662.926	0.44	662.926	0.12	
663.408	-0	663.408	0.44	663.408	0.12	
663.891	-0	663.891	0.44	663.891	0.12	
664.373	-0	664.373	0.44	664.373	0.11	
664.856	-0	664.856	0.44	664.856	0.11	
665.338	-0	665.338	0.44	665.338	0.11	
665.821	-0	665.821	0.44	665.821	0.1	
666.304	-0	666.304	0.44	666.304	0.1	
666.786	-0	666.786	0.44	666.786	0.1	
667.269	-0	667.269	0.44	667.269	0.09	
667.752	-0	667.752	0.44	667.752	0.09	
668.235	-0	668.235	0.44	668.235	0.09	
668.718	-0	668.718	0.44	668.718	0.09	
669.2	-0	669.2	0.44	669.2	0.08	
669.683	-0	669.683	0.44	669.683	0.08	
670.166	-0	670.166	0.44	670.166	0.08	
670.649	-0	670.649	0.44	670.649	0.08	
671.132	-0	671.132	0.44	671.132	0.08	
671.615	-0	671.615	0.45	671.615	0.07	
672.099	-0	672.099	0.45	672.099	0.07	
672.582	-0	672.582	0.45	672.582	0.07	
673.065	-0	673.065	0.45	673.065	0.07	
673.548	-0	673.548	0.45	673.548	0.07	
674.031	-0	674.031	0.45	674.031	0.06	
674.515	-0	674.515	0.45	674.515	0.06	
674.998	-0	674.998	0.45	674.998	0.06	
675.481	-0	675.481	0.45	675.481	0.06	
675.965	-0	675.965	0.45	675.965	0.06	
676.448	-0	676.448	0.45	676.448	0.06	
676.931	-0	676.931	0.45	676.931	0.06	
677.415	-0	677.415	0.45	677.415	0.06	
677.898	-0	677.898	0.45	677.898	0.05	
678.382	-0	678.382	0.45	678.382	0.05	
678.866	-0	678.866	0.45	678.866	0.05	
679.349	-0	679.349	0.45	679.349	0.05	
679.833	-0	679.833	0.45	679.833	0.05	
680.317	-0	680.317	0.45	680.317	0.05	
680.8	-0	680.8	0.45	680.8	0.05	
681.284	-0	681.284	0.45	681.284	0.05	
681.768	-0	681.768	0.45	681.768	0.05	
682.252	-0	682.252	0.45	682.252	0.05	
682.736	-0	682.736	0.45	682.736	0.05	
683.219	-0	683.219	0.45	683.219	0.04	
683.703	-0	683.703	0.45	683.703	0.04	
684.187	-0	684.187	0.45	684.187	0.04	
684.671	-0	684.671	0.45	684.671	0.04	
685.155	-0	685.155	0.45	685.155	0.04	
685.639	-0	685.639	0.45	685.639	0.04	
686.124	-0	686.124	0.45	686.124	0.04	
686.608	-0	686.608	0.45	686.608	0.04	
687.092	-0	687.092	0.45	687.092	0.04	
687.576	-0	687.576	0.45	687.576	0.04	
688.06	-0	688.06	0.45	688.06	0.04	
688.545	-0	688.545	0.45	688.545	0.04	
689.029	-0	689.029	0.45	689.029	0.04	
689.513	-0	689.513	0.45	689.513	0.04	
689.998	-0	689.998	0.45	689.998	0.04	
690.482	-0	690.482	0.45	690.482	0.04	
690.967	-0	690.967	0.45	690.967	0.04	
691.451	-0	691.451	0.45	691.451	0.04	
691.936	-0	691.936	0.45	691.936	0.04	
692.42	-0	692.42	0.45	692.42	0.04	
692.905	-0	692.905	0.45	692.905	0.03	
693.389	-0	693.389	0.45	693.389	0.03	
693.874	-0	693.874	0.45	693.874	0.03	
694.359	-0	694.359	0.45	694.359	0.03	
694.843	-0	694.843	0.45	694.843	0.03	
695.328	-0	695.328	0.45	695.328	0.03	
695.813	-0	695.813	0.45	695.813	0.03	
696.298	-0	696.298	0.45	696.298	0.03	
696.783	-0	696.783	0.45	696.783	0.03	
697.268	-0	697.268	0.45	697.268	0.03	
697.753	-0	697.753	0.46	697.753	0.03	
698.238	-0	698.238	0.46	698.238	0.03	
698.723	-0	698.723	0.46	698.723	0.03	
699.208	-0	699.208	0.46	699.208	0.03	
699.693	-0	699.693	0.46	699.693	0.03	
700.178	-0	700.178	0.46	700.178	0.03	
700.663	-0	700.663	0.46	700.663	0.03	
701.148	-0	701.148	0.46	701.148	0.03	
701.633	-0	701.633	0.46	701.633	0.03	
702.119	-0	702.119	0.46	702.119	0.03	
702.604	-0	702.604	0.46	702.604	0.03	
703.089	-0	703.089	0.46	703.089	0.03	
703.574	-0	703.574	0.46	703.574	0.03	
704.06	-0	704.06	0.46	704.06	0.03	
704.545	-0	704.545	0.46	704.545	0.03	
705.031	-0	705.031	0.46	705.031	0.03	
705.516	-0	705.516	0.46	705.516	0.03	
706.002	-0	706.002	0.46	706.002	0.03	
706.487	-0	706.487	0.46	706.487	0.03	
706.973	-0	706.973	0.46	706.973	0.03	
707.459	-0	707.459	0.46	707.459	0.03	
707.944	-0	707.944	0.46	707.944	0.03	
708.43	-0	708.43	0.46	708.43	0.03	
708.916	-0	708.916	0.46	708.916	0.03	
709.401	-0	709.401	0.46	709.401	0.03	
709.887	-0	709.887	0.46	709.887	0.03	
710.373	-0	710.373	0.46	710.373	0.03	
710.859	-0	710.859	0.46	710.859	0.03	
711.345	-0	711.345	0.46	711.345	0.03	
711.831	-0	711.831	0.46	711.831	0.03	
712.317	-0	712.317	0.46	712.317	0.03	
712.803	-0	712.803	0.46	712.803	0.03	
713.289	-0	713.289	0.46	713.289	0.03	
713.775	-0	713.775	0.46	713.775	0.03	
714.261	-0	714.261	0.46	714.261	0.03	
714.747	-0	714.747	0.46	714.747	0.03	
715.233	-0	715.233	0.46	715.233	0.03	
715.719	-0	715.719	0.46	715.719	0.03	
716.206	-0	716.206	0.46	716.206	0.03	
716.692	-0	716.692	0.46	716.692	0.03	
717.178	-0	717.178	0.46	717.178	0.03	
717.665	-0	717.665	0.46	717.665	0.03	
718.151	-0	718.151	0.46	718.151	0.03	
718.637	-0	718.637	0.46	718.637	0.03	
719.124	-0	719.124	0.47	719.124	0.03	
719.61	-0	719.61	0.47	719.61	0.03	
720.097	-0	720.097	0.47	720.097	0.03	
720.583	-0	720.583	0.47	720.583	0.03	
721.07	-0	721.07	0.47	721.07	0.03	
721.557	-0	721.557	0.47	721.557	0.03	
722.043	-0	722.043	0.47	722.043	0.03	
722.53	-0	722.53	0.47	722.53	0.03	
723.017	-0	723.017	0.47	723.017	0.03	
723.504	-0	723.504	0.47	723.504	0.03	
723.99	-0	723.99	0.47	723.99	0.03	
724.477	-0	724.477	0.47	724.477	0.03	
724.964	-0	724.964	0.47	724.964	0.03	
725.451	-0	725.451	0.47	725.451	0.03	
725.938	-0	725.938	0.47	725.938	0.03	
726.425	-0	726.425	0.47	726.425	0.03	
726.912	-0	726.912	0.47	726.912	0.03	
727.399	-0	727.399	0.47	727.399	0.03	
727.886	-0	727.886	0.47	727.886	0.03	
728.373	-0	728.373	0.47	728.373	0.03	
728.86	-0	728.86	0.47	728.86	0.03	
729.347	-0	729.347	0.47	729.347	0.03	
729.835	-0	729.835	0.47	729.835	0.03	
730.322	-0	730.322	0.47	730.322	0.03	
730.809	-0	730.809	0.47	730.809	0.03	
731.296	-0	731.296	0.47	731.296	0.03	
731.784	-0	731.784	0.47	731.784	0.03	
732.271	-0	732.271	0.47	732.271	0.03	
732.759	-0	732.759	0.47	732.759	0.03	
733.246	-0	733.246	0.47	733.246	0.03	
733.734	-0	733.734	0.47	733.734	0.03	
734.221	-0	734.221	0.47	734.221	0.03	
734.709	-0	734.709	0.47	734.709	0.03	
735.196	-0	735.196	0.47	735.196	0.03	
735.684	-0	735.684	0.47	735.684	0.02	
736.171	-0	736.171	0.47	736.171	0.02	
736.659	-0	736.659	0.47	736.659	0.02	
737.147	-0	737.147	0.47	737.147	0.02	
737.635	-0	737.635	0.47	737.635	0.02	
738.122	-0	738.122	0.47	738.122	0.02	
738.61	-0	738.61	0.47	738.61	0.02	
739.098	-0	739.098	0.47	739.098	0.02	
739.586	-0	739.586	0.47	739.586	0.02	
740.074	-0	740.074	0.47	740.074	0.02	
740.562	-0	740.562	0.47	740.562	0.02	
741.05	-0	741.05	0.47	741.05	0.02	
741.538	-0	741.538	0.47	741.538	0.02	
742.026	-0	742.026	0.47	742.026	0.02	
742.514	-0	742.514	0.47	742.514	0.02	
743.002	-0	743.002	0.47	743.002	0.02	
743.49	-0	743.49	0.47	743.49	0.02	
743.979	-0	743.979	0.47	743.979	0.02	
744.467	-0	744.467	0.47	744.467	0.02	
744.955	-0	744.955	0.47	744.955	0.02	
745.443	-0	745.443	0.47	745.443	0.02	
745.932	-0	745.932	0.47	745.932	0.02	
746.42	-0	746.42	0.47	746.42	0.02	
746.909	-0	746.909	0.47	746.909	0.02	
747.397	-0	747.397	0.47	747.397	0.02	
747.885	-0	747.885	0.47	747.885	0.02	
748.374	-0	748.374	0.47	748.374	0.02	
748.862	-0	748.862	0.48	748.862	0.02	
749.351	-0	749.351	0.48	749.351	0.02	
749.84	-0	749.84	0.48	749.84	0.02	
750.328	-0	750.328	0.48	750.328	0.02	
750.817	-0	750.817	0.48	750.817	0.02	
751.306	-0	751.306	0.48	751.306	0.02	
751.794	-0	751.794	0.48	751.794	0.02	
752.283	-0	752.283	0.48	752.283	0.02	
752.772	-0	752.772	0.48	752.772	0.02	
753.261	-0	753.261	0.48	753.261	0.02	
753.75	-0	753.75	0.48	753.75	0.02	
754.239	-0	754.239	0.48	754.239	0.02	
754.728	-0	754.728	0.48	754.728	0.02	
755.217	-0	755.217	0.48	755.217	0.02	
755.706	-0	755.706	0.48	755.706	0.02	
756.195	-0	756.195	0.48	756.195	0.02	
756.684	-0	756.684	0.48	756.684	0.02	
757.173	-0	757.173	0.48	757.173	0.02	
757.662	-0	757.662	0.48	757.662	0.02	
758.151	-0	758.151	0.48	758.151	0.02	
758.641	-0	758.641	0.48	758.641	0.02	
759.13	-0	759.13	0.48	759.13	0.02	
759.619	-0	759.619	0.48	759.619	0.02	
760.108	-0	760.108	0.48	760.108	0.02	
760.598	-0	760.598	0.48	760.598	0.02	
761.087	-0	761.087	0.48	761.087	0.02	
761.577	-0	761.577	0.48	761.577	0.02	
762.066	-0	762.066	0.48	762.066	0.02	
762.556	-0	762.556	0.48	762.556	0.02	
763.045	-0	763.045	0.48	763.045	0.02	
763.535	-0	763.535	0.48	763.535	0.02	
764.024	-0	764.024	0.48	764.024	0.02	
764.514	-0	764.514	0.48	764.514	0.02	
765.004	-0	765.004	0.48	765.004	0.02	
765.493	-0	765.493	0.48	765.493	0.02	
765.983	-0	765.983	0.48	765.983	0.02	
766.473	-0	766.473	0.48	766.473	0.02	
766.963	-0	766.963	0.48	766.963	0.02	
767.452	-0	767.452	0.48	767.452	0.02	
767.942	-0	767.942	0.48	767.942	0.02	
768.432	-0	768.432	0.48	768.432	0.02	
768.922	-0	768.922	0.48	768.922	0.02	
769.412	-0	769.412	0.48	769.412	0.02	
769.902	-0	769.902	0.48	769.902	0.02	
770.392	-0	770.392	0.48	770.392	0.02	
770.882	-0	770.882	0.48	770.882	0.02	
771.372	-0	771.372	0.48	771.372	0.02	
771.862	-0	771.862	0.48	771.862	0.02	
772.353	-0	772.353	0.48	772.353	0.02	
772.843	-0	772.843	0.48	772.843	0.02	
773.333	-0	773.333	0.48	773.333	0.02	
773.823	-0	773.823	0.48	773.823	0.02	
774.314	-0	774.314	0.48	774.314	0.02	
774.804	-0	774.804	0.48	774.804	0.02	
775.294	-0	775.294	0.48	775.294	0.02	
775.785	-0	775.785	0.48	775.785	0.02	
776.275	-0	776.275	0.48	776.275	0.02	
776.766	-0	776.766	0.48	776.766	0.02	
777.256	-0	777.256	0.48	777.256	0.02	
777.747	-0	777.747	0.48	777.747	0.02	
778.237	-0	778.237	0.48	778.237	0.02	
778.728	-0	778.728	0.48	778.728	0.02	
779.219	-0	779.219	0.48	779.219	0.02	
779.709	-0	779.709	0.48	779.709	0.02	
780.2	-0	780.2	0.48	780.2	0.02	
780.691	-0	780.691	0.48	780.691	0.02	
781.182	-0	781.182	0.49	781.182	0.02	
781.672	-0	781.672	0.49	781.672	0.02	
782.163	-0	782.163	0.49	782.163	0.02	
782.654	-0	782.654	0.49	782.654	0.02	
783.145	-0	783.145	0.49	783.145	0.02	
783.636	-0	783.636	0.49	783.636	0.02	
784.127	-0	784.127	0.49	784.127	0.02	
784.618	-0	784.618	0.49	784.618	0.02	
785.109	-0	785.109	0.49	785.109	0.02	
785.6	-0	785.6	0.49	785.6	0.02	
786.091	-0	786.091	0.49	786.091	0.02	
786.583	-0	786.583	0.49	786.583	0.02	
787.074	-0	787.074	0.49	787.074	0.02	
787.565	-0	787.565	0.49	787.565	0.02	
788.056	-0	788.056	0.49	788.056	0.02	
788.548	-0	788.548	0.49	788.548	0.02	
789.039	-0	789.039	0.49	789.039	0.02	
789.53	-0	789.53	0.49	789.53	0.02	
790.022	-0	790.022	0.49	790.022	0.02	
790.513	-0	790.513	0.49	790.513	0.02	
791.005	-0	791.005	0.49	791.005	0.02	
791.496	-0	791.496	0.49	791.496	0.02	
791.988	-0	791.988	0.49	791.988	0.02	
792.479	-0	792.479	0.49	792.479	0.02	
792.971	-0	792.971	0.49	792.971	0.02	
793.462	-0	793.462	0.49	793.462	0.02	
793.954	-0	793.954	0.49	793.954	0.02	
794.446	-0	794.446	0.49	794.446	0.02	
794.937	-0	794.937	0.49	794.937	0.02	
795.429	-0	795.429	0.49	795.429	0.02	
795.921	-0	795.921	0.49	795.921	0.02	
796.413	-0	796.413	0.49	796.413	0.02	
796.905	-0	796.905	0.49	796.905	0.02	
797.397	-0	797.397	0.49	797.397	0.02	
797.889	-0	797.889	0.49	797.889	0.02	
798.381	-0	798.381	0.49	798.381	0.02	
798.873	-0	798.873	0.49	798.873	0.02	
799.365	-0	799.365	0.49	799.365	0.02	
799.857	-0	799.857	0.49	799.857	0.02	
800.349	-0	800.349	0.49	800.349	0.02	
800.841	-0	800.841	0.49	800.841	0.02	
801.333	-0	801.333	0.49	801.333	0.02	
801.825	-0	801.825	0.49	801.825	0.02	
802.318	-0	802.318	0.49	802.318	0.02	
802.81	-0	802.81	0.5	802.81	0.02	
803.302	-0	803.302	0.5	803.302	0.02	
803.794	-0	803.794	0.5	803.794	0.02	
804.287	-0	804.287	0.5	804.287	0.02	
804.779	-0	804.779	0.5	804.779	0.02	
805.272	-0	805.272	0.5	805.272	0.02	
805.764	-0	805.764	0.5	805.764	0.02	
806.257	-0	806.257	0.5	806.257	0.02	
806.749	-0	806.749	0.5	806.749	0.02	
807.242	-0	807.242	0.5	807.242	0.02	
807.734	-0	807.734	0.5	807.734	0.02	
808.227	-0	808.227	0.5	808.227	0.02	
808.72	-0	808.72	0.5	808.72	0.02	
809.212	-0	809.212	0.5	809.212	0.02	
809.705	-0	809.705	0.5	809.705	0.02	
810.198	-0	810.198	0.5	810.198	0.02	
810.691	-0	810.691	0.5	810.691	0.02	
811.184	-0	811.184	0.5	811.184	0.02	
811.676	-0	811.676	0.5	811.676	0.02	
812.169	-0	812.169	0.5	812.169	0.02	
812.662	-0	812.662	0.5	812.662	0.02	
813.155	-0	813.155	0.5	813.155	0.02	
813.648	-0	813.648	0.5	813.648	0.02	
814.141	-0	814.141	0.5	814.141	0.02	
814.634	-0	814.634	0.5	814.634	0.02	
815.128	-0	815.128	0.5	815.128	0.02	
815.621	-0	815.621	0.5	815.621	0.02	
816.114	-0	816.114	0.5	816.114	0.02	
816.607	-0	816.607	0.5	816.607	0.02	
817.1	-0	817.1	0.5	817.1	0.02	
817.594	-0	817.594	0.5	817.594	0.02	
818.087	-0	818.087	0.5	818.087	0.02	
818.58	-0	818.58	0.5	818.58	0.02	
819.074	-0	819.074	0.5	819.074	0.02	
819.567	-0	819.567	0.5	819.567	0.02	
820.061	-0	820.061	0.5	820.061	0.02	
820.554	-0	820.554	0.5	820.554	0.02	
821.048	-0	821.048	0.5	821.048	0.02	
821.541	-0	821.541	0.5	821.541	0.02	
822.035	-0	822.035	0.5	822.035	0.02	
822.528	-0	822.528	0.5	822.528	0.02	
823.022	-0	823.022	0.5	823.022	0.02	
