336.256	-0.05	336.256	-0.01	336.256	0.04	336.256	0.03	336.256	0.1	336.256	0.06	
336.714	-0.07	336.714	0.01	336.714	0.02	336.714	0.05	336.714	0.08	336.714	0.06	
337.171	-0.06	337.171	0.01	337.171	0.02	337.171	0.04	337.171	0.06	337.171	0.05	
337.628	-0.06	337.628	-0	337.628	0.02	337.628	0.04	337.628	0.05	337.628	0.04	
338.086	-0.06	338.086	-0	338.086	0.01	338.086	0.03	338.086	0.06	338.086	0.03	
338.543	-0.08	338.543	0	338.543	0.01	338.543	0.03	338.543	0.05	338.543	0.03	
339.001	-0.08	339.001	0	339.001	0.01	339.001	0.04	339.001	0.05	339.001	0.03	
339.458	-0.08	339.458	-0	339.458	0.02	339.458	0.04	339.458	0.02	339.458	0.04	
339.916	-0.07	339.916	0.01	339.916	0.02	339.916	0.03	339.916	0.03	339.916	0.03	
340.373	-0.08	340.373	0.01	340.373	0.03	340.373	0.03	340.373	0.03	340.373	0.03	
340.831	-0.07	340.831	0.02	340.831	0.02	340.831	0.04	340.831	0.02	340.831	0.03	
341.289	-0.07	341.289	0.01	341.289	0.01	341.289	0.04	341.289	0.01	341.289	0.03	
341.746	-0.06	341.746	0	341.746	0.02	341.746	0.03	341.746	0.02	341.746	0.03	
342.204	-0.07	342.204	-0	342.204	0.02	342.204	0.03	342.204	0.03	342.204	0.03	
342.662	-0.07	342.662	0.01	342.662	0.02	342.662	0.04	342.662	0.04	342.662	0.04	
343.12	-0.07	343.12	0.01	343.12	0.03	343.12	0.04	343.12	0.02	343.12	0.05	
343.578	-0.05	343.578	0.02	343.578	0.04	343.578	0.05	343.578	0.02	343.578	0.05	
344.035	-0.06	344.035	0.01	344.035	0.04	344.035	0.04	344.035	0.02	344.035	0.06	
344.493	-0.07	344.493	0	344.493	0.02	344.493	0.03	344.493	0.02	344.493	0.04	
344.951	-0.08	344.951	-0	344.951	0.02	344.951	0.03	344.951	0.02	344.951	0.03	
345.409	-0.07	345.409	-0	345.409	0.02	345.409	0.04	345.409	0.03	345.409	0.03	
345.867	-0.08	345.867	-0.01	345.867	0.03	345.867	0.04	345.867	0.02	345.867	0.04	
346.325	-0.08	346.325	0	346.325	0.04	346.325	0.04	346.325	0.03	346.325	0.04	
346.784	-0.08	346.784	0.01	346.784	0.03	346.784	0.04	346.784	0.02	346.784	0.03	
347.242	-0.07	347.242	0.01	347.242	0.03	347.242	0.04	347.242	0.01	347.242	0.03	
347.7	-0.06	347.7	0.01	347.7	0.04	347.7	0.04	347.7	0.01	347.7	0.02	
348.158	-0.06	348.158	0.02	348.158	0.03	348.158	0.04	348.158	0.02	348.158	0.02	
348.616	-0.07	348.616	0.01	348.616	0.03	348.616	0.02	348.616	0.02	348.616	0.02	
349.075	-0.07	349.075	0	349.075	0.02	349.075	0.02	349.075	0.02	349.075	0	
349.533	-0.06	349.533	0	349.533	0.03	349.533	0.03	349.533	0.03	349.533	0	
349.992	-0.07	349.992	0.01	349.992	0.02	349.992	0.04	349.992	0.02	349.992	-0	
350.45	-0.07	350.45	0.01	350.45	0.02	350.45	0.03	350.45	0.02	350.45	0	
350.908	-0.07	350.908	0.01	350.908	0.01	350.908	0.03	350.908	0.02	350.908	-0	
351.367	-0.07	351.367	0.01	351.367	0.02	351.367	0.03	351.367	0.02	351.367	-0.01	
351.825	-0.07	351.825	0.01	351.825	0.02	351.825	0.04	351.825	0.03	351.825	-0.01	
352.284	-0.07	352.284	0.02	352.284	0.02	352.284	0.03	352.284	0.03	352.284	-0	
352.743	-0.08	352.743	0.01	352.743	0.02	352.743	0.03	352.743	0.04	352.743	0	
353.201	-0.09	353.201	-0	353.201	0.02	353.201	0.03	353.201	0.04	353.201	-0.01	
353.66	-0.08	353.66	0.01	353.66	0.03	353.66	0.05	353.66	0.05	353.66	0	
354.119	-0.08	354.119	0.02	354.119	0.03	354.119	0.05	354.119	0.05	354.119	0	
354.577	-0.07	354.577	0.03	354.577	0.02	354.577	0.05	354.577	0.05	354.577	0.01	
355.036	-0.07	355.036	0.03	355.036	0.02	355.036	0.05	355.036	0.05	355.036	0.01	
355.495	-0.07	355.495	0.03	355.495	0.02	355.495	0.05	355.495	0.05	355.495	0.01	
355.954	-0.07	355.954	0.03	355.954	0.02	355.954	0.05	355.954	0.05	355.954	0.01	
356.413	-0.07	356.413	0.03	356.413	0.02	356.413	0.06	356.413	0.06	356.413	0.01	
356.872	-0.07	356.872	0.02	356.872	0.03	356.872	0.05	356.872	0.05	356.872	0.01	
357.331	-0.07	357.331	0.03	357.331	0.03	357.331	0.06	357.331	0.07	357.331	0.02	
357.79	-0.06	357.79	0.03	357.79	0.03	357.79	0.07	357.79	0.06	357.79	0.02	
358.249	-0.06	358.249	0.04	358.249	0.04	358.249	0.08	358.249	0.07	358.249	0.03	
358.708	-0.06	358.708	0.04	358.708	0.04	358.708	0.07	358.708	0.06	358.708	0.03	
359.167	-0.06	359.167	0.03	359.167	0.04	359.167	0.07	359.167	0.06	359.167	0.03	
359.626	-0.06	359.626	0.03	359.626	0.04	359.626	0.07	359.626	0.06	359.626	0.03	
360.085	-0.06	360.085	0.03	360.085	0.05	360.085	0.07	360.085	0.06	360.085	0.03	
360.545	-0.06	360.545	0.03	360.545	0.05	360.545	0.07	360.545	0.07	360.545	0.03	
361.004	-0.06	361.004	0.04	361.004	0.05	361.004	0.07	361.004	0.07	361.004	0.03	
361.463	-0.06	361.463	0.04	361.463	0.04	361.463	0.06	361.463	0.06	361.463	0.03	
361.923	-0.06	361.923	0.04	361.923	0.05	361.923	0.07	361.923	0.08	361.923	0.03	
362.382	-0.05	362.382	0.04	362.382	0.06	362.382	0.07	362.382	0.07	362.382	0.02	
362.842	-0.06	362.842	0.04	362.842	0.05	362.842	0.07	362.842	0.08	362.842	0.02	
363.301	-0.07	363.301	0.03	363.301	0.05	363.301	0.05	363.301	0.07	363.301	0.02	
363.76	-0.06	363.76	0.03	363.76	0.05	363.76	0.06	363.76	0.06	363.76	0.02	
364.22	-0.06	364.22	0.03	364.22	0.05	364.22	0.07	364.22	0.07	364.22	0.02	
364.68	-0.06	364.68	0.04	364.68	0.05	364.68	0.07	364.68	0.07	364.68	0.02	
365.139	-0.05	365.139	0.04	365.139	0.05	365.139	0.06	365.139	0.07	365.139	0.02	
365.599	-0.05	365.599	0.04	365.599	0.06	365.599	0.07	365.599	0.07	365.599	0.02	
366.059	-0.05	366.059	0.04	366.059	0.06	366.059	0.07	366.059	0.07	366.059	0.03	
366.518	-0.05	366.518	0.04	366.518	0.06	366.518	0.07	366.518	0.07	366.518	0.03	
366.978	-0.06	366.978	0.04	366.978	0.06	366.978	0.07	366.978	0.06	366.978	0.03	
367.438	-0.06	367.438	0.04	367.438	0.06	367.438	0.07	367.438	0.06	367.438	0.02	
367.898	-0.06	367.898	0.04	367.898	0.06	367.898	0.07	367.898	0.06	367.898	0.03	
368.358	-0.06	368.358	0.05	368.358	0.06	368.358	0.08	368.358	0.07	368.358	0.03	
368.818	-0.05	368.818	0.05	368.818	0.07	368.818	0.08	368.818	0.08	368.818	0.04	
369.278	-0.06	369.278	0.05	369.278	0.06	369.278	0.08	369.278	0.08	369.278	0.03	
369.737	-0.06	369.737	0.05	369.737	0.06	369.737	0.07	369.737	0.07	369.737	0.04	
370.198	-0.07	370.198	0.05	370.198	0.06	370.198	0.08	370.198	0.07	370.198	0.03	
370.658	-0.07	370.658	0.05	370.658	0.07	370.658	0.09	370.658	0.08	370.658	0.03	
371.118	-0.06	371.118	0.05	371.118	0.07	371.118	0.09	371.118	0.08	371.118	0.03	
371.578	-0.06	371.578	0.05	371.578	0.07	371.578	0.09	371.578	0.08	371.578	0.04	
372.038	-0.06	372.038	0.05	372.038	0.07	372.038	0.08	372.038	0.08	372.038	0.04	
372.498	-0.06	372.498	0.05	372.498	0.07	372.498	0.08	372.498	0.08	372.498	0.04	
372.959	-0.06	372.959	0.05	372.959	0.07	372.959	0.08	372.959	0.08	372.959	0.04	
373.419	-0.06	373.419	0.05	373.419	0.07	373.419	0.08	373.419	0.08	373.419	0.03	
373.879	-0.06	373.879	0.05	373.879	0.06	373.879	0.08	373.879	0.08	373.879	0.03	
374.339	-0.05	374.339	0.05	374.339	0.07	374.339	0.08	374.339	0.08	374.339	0.04	
374.8	-0.05	374.8	0.06	374.8	0.07	374.8	0.09	374.8	0.08	374.8	0.03	
375.26	-0.05	375.26	0.05	375.26	0.07	375.26	0.09	375.26	0.09	375.26	0.03	
375.721	-0.05	375.721	0.05	375.721	0.07	375.721	0.09	375.721	0.08	375.721	0.04	
376.181	-0.06	376.181	0.05	376.181	0.07	376.181	0.09	376.181	0.08	376.181	0.04	
376.642	-0.06	376.642	0.05	376.642	0.06	376.642	0.09	376.642	0.09	376.642	0.03	
377.102	-0.06	377.102	0.05	377.102	0.07	377.102	0.1	377.102	0.09	377.102	0.03	
377.563	-0.06	377.563	0.06	377.563	0.07	377.563	0.1	377.563	0.09	377.563	0.03	
378.024	-0.06	378.024	0.06	378.024	0.07	378.024	0.1	378.024	0.1	378.024	0.03	
378.484	-0.06	378.484	0.06	378.484	0.07	378.484	0.09	378.484	0.1	378.484	0.03	
378.945	-0.06	378.945	0.06	378.945	0.07	378.945	0.09	378.945	0.1	378.945	0.03	
379.406	-0.06	379.406	0.06	379.406	0.07	379.406	0.09	379.406	0.1	379.406	0.03	
379.867	-0.06	379.867	0.05	379.867	0.07	379.867	0.09	379.867	0.1	379.867	0.03	
380.328	-0.06	380.328	0.06	380.328	0.07	380.328	0.09	380.328	0.1	380.328	0.03	
380.789	-0.06	380.789	0.06	380.789	0.07	380.789	0.1	380.789	0.1	380.789	0.03	
381.249	-0.06	381.249	0.06	381.249	0.08	381.249	0.1	381.249	0.1	381.249	0.03	
381.71	-0.06	381.71	0.06	381.71	0.08	381.71	0.1	381.71	0.1	381.71	0.03	
382.171	-0.06	382.171	0.06	382.171	0.08	382.171	0.1	382.171	0.1	382.171	0.03	
382.632	-0.06	382.632	0.05	382.632	0.08	382.632	0.09	382.632	0.1	382.632	0.03	
383.094	-0.06	383.094	0.05	383.094	0.08	383.094	0.09	383.094	0.1	383.094	0.03	
383.555	-0.06	383.555	0.05	383.555	0.08	383.555	0.1	383.555	0.1	383.555	0.03	
384.016	-0.06	384.016	0.05	384.016	0.08	384.016	0.1	384.016	0.1	384.016	0.02	
384.477	-0.06	384.477	0.05	384.477	0.08	384.477	0.1	384.477	0.1	384.477	0.03	
384.938	-0.06	384.938	0.05	384.938	0.08	384.938	0.1	384.938	0.1	384.938	0.03	
385.399	-0.05	385.399	0.06	385.399	0.08	385.399	0.1	385.399	0.1	385.399	0.03	
385.861	-0.05	385.861	0.06	385.861	0.08	385.861	0.1	385.861	0.1	385.861	0.03	
386.322	-0.06	386.322	0.06	386.322	0.08	386.322	0.1	386.322	0.1	386.322	0.03	
386.783	-0.06	386.783	0.06	386.783	0.08	386.783	0.1	386.783	0.1	386.783	0.03	
387.245	-0.05	387.245	0.06	387.245	0.08	387.245	0.11	387.245	0.11	387.245	0.03	
387.706	-0.05	387.706	0.06	387.706	0.08	387.706	0.11	387.706	0.11	387.706	0.03	
388.168	-0.05	388.168	0.06	388.168	0.08	388.168	0.11	388.168	0.11	388.168	0.03	
388.629	-0.05	388.629	0.07	388.629	0.08	388.629	0.11	388.629	0.11	388.629	0.03	
389.091	-0.05	389.091	0.07	389.091	0.08	389.091	0.11	389.091	0.11	389.091	0.04	
389.553	-0.05	389.553	0.07	389.553	0.08	389.553	0.11	389.553	0.11	389.553	0.03	
390.014	-0.05	390.014	0.07	390.014	0.08	390.014	0.12	390.014	0.11	390.014	0.04	
390.476	-0.05	390.476	0.07	390.476	0.08	390.476	0.11	390.476	0.11	390.476	0.03	
390.938	-0.05	390.938	0.07	390.938	0.09	390.938	0.12	390.938	0.11	390.938	0.04	
391.399	-0.05	391.399	0.07	391.399	0.09	391.399	0.12	391.399	0.11	391.399	0.03	
391.861	-0.05	391.861	0.07	391.861	0.09	391.861	0.12	391.861	0.11	391.861	0.03	
392.323	-0.05	392.323	0.07	392.323	0.09	392.323	0.12	392.323	0.11	392.323	0.03	
392.785	-0.05	392.785	0.07	392.785	0.09	392.785	0.12	392.785	0.12	392.785	0.03	
393.247	-0.05	393.247	0.07	393.247	0.09	393.247	0.12	393.247	0.12	393.247	0.03	
393.709	-0.05	393.709	0.07	393.709	0.09	393.709	0.12	393.709	0.12	393.709	0.03	
394.17	-0.05	394.17	0.07	394.17	0.09	394.17	0.12	394.17	0.12	394.17	0.03	
394.633	-0.05	394.633	0.07	394.633	0.09	394.633	0.12	394.633	0.12	394.633	0.03	
395.095	-0.05	395.095	0.07	395.095	0.09	395.095	0.12	395.095	0.12	395.095	0.03	
395.557	-0.05	395.557	0.07	395.557	0.09	395.557	0.12	395.557	0.12	395.557	0.03	
396.019	-0.05	396.019	0.07	396.019	0.09	396.019	0.12	396.019	0.12	396.019	0.03	
396.481	-0.05	396.481	0.07	396.481	0.09	396.481	0.12	396.481	0.12	396.481	0.03	
396.943	-0.05	396.943	0.07	396.943	0.09	396.943	0.12	396.943	0.12	396.943	0.03	
397.405	-0.05	397.405	0.07	397.405	0.09	397.405	0.12	397.405	0.12	397.405	0.03	
397.868	-0.05	397.868	0.07	397.868	0.09	397.868	0.12	397.868	0.12	397.868	0.03	
398.33	-0.05	398.33	0.07	398.33	0.09	398.33	0.12	398.33	0.12	398.33	0.03	
398.792	-0.05	398.792	0.07	398.792	0.09	398.792	0.12	398.792	0.12	398.792	0.03	
399.255	-0.05	399.255	0.07	399.255	0.09	399.255	0.12	399.255	0.12	399.255	0.03	
399.717	-0.05	399.717	0.07	399.717	0.09	399.717	0.12	399.717	0.13	399.717	0.04	
400.179	-0.05	400.179	0.07	400.179	0.09	400.179	0.12	400.179	0.13	400.179	0.04	
400.642	-0.05	400.642	0.07	400.642	0.09	400.642	0.12	400.642	0.13	400.642	0.04	
401.104	-0.05	401.104	0.07	401.104	0.09	401.104	0.12	401.104	0.13	401.104	0.04	
401.567	-0.05	401.567	0.07	401.567	0.09	401.567	0.12	401.567	0.13	401.567	0.04	
402.03	-0.05	402.03	0.07	402.03	0.09	402.03	0.12	402.03	0.13	402.03	0.04	
402.492	-0.05	402.492	0.07	402.492	0.09	402.492	0.12	402.492	0.13	402.492	0.03	
402.955	-0.05	402.955	0.07	402.955	0.09	402.955	0.12	402.955	0.13	402.955	0.03	
403.418	-0.05	403.418	0.07	403.418	0.09	403.418	0.12	403.418	0.13	403.418	0.03	
403.88	-0.05	403.88	0.07	403.88	0.09	403.88	0.12	403.88	0.13	403.88	0.03	
404.343	-0.05	404.343	0.07	404.343	0.09	404.343	0.12	404.343	0.13	404.343	0.03	
404.806	-0.05	404.806	0.07	404.806	0.09	404.806	0.12	404.806	0.13	404.806	0.03	
405.269	-0.05	405.269	0.07	405.269	0.09	405.269	0.12	405.269	0.13	405.269	0.03	
405.732	-0.05	405.732	0.07	405.732	0.09	405.732	0.12	405.732	0.13	405.732	0.03	
406.195	-0.05	406.195	0.07	406.195	0.09	406.195	0.12	406.195	0.13	406.195	0.03	
406.658	-0.05	406.658	0.07	406.658	0.09	406.658	0.12	406.658	0.13	406.658	0.03	
407.121	-0.05	407.121	0.07	407.121	0.09	407.121	0.12	407.121	0.13	407.121	0.03	
407.584	-0.05	407.584	0.07	407.584	0.09	407.584	0.12	407.584	0.13	407.584	0.03	
408.047	-0.05	408.047	0.07	408.047	0.09	408.047	0.12	408.047	0.13	408.047	0.04	
408.51	-0.05	408.51	0.07	408.51	0.09	408.51	0.12	408.51	0.13	408.51	0.04	
408.973	-0.05	408.973	0.07	408.973	0.09	408.973	0.12	408.973	0.13	408.973	0.03	
409.436	-0.05	409.436	0.07	409.436	0.09	409.436	0.12	409.436	0.13	409.436	0.03	
409.899	-0.05	409.899	0.07	409.899	0.09	409.899	0.12	409.899	0.13	409.899	0.03	
410.363	-0.05	410.363	0.07	410.363	0.09	410.363	0.12	410.363	0.13	410.363	0.03	
410.826	-0.05	410.826	0.07	410.826	0.09	410.826	0.12	410.826	0.13	410.826	0.03	
411.289	-0.05	411.289	0.07	411.289	0.09	411.289	0.12	411.289	0.13	411.289	0.04	
411.753	-0.05	411.753	0.07	411.753	0.09	411.753	0.12	411.753	0.13	411.753	0.04	
412.216	-0.05	412.216	0.07	412.216	0.09	412.216	0.12	412.216	0.13	412.216	0.04	
412.68	-0.05	412.68	0.07	412.68	0.09	412.68	0.12	412.68	0.13	412.68	0.04	
413.143	-0.05	413.143	0.07	413.143	0.09	413.143	0.12	413.143	0.13	413.143	0.03	
413.607	-0.05	413.607	0.07	413.607	0.09	413.607	0.12	413.607	0.13	413.607	0.03	
414.07	-0.05	414.07	0.07	414.07	0.09	414.07	0.12	414.07	0.13	414.07	0.03	
414.534	-0.05	414.534	0.07	414.534	0.09	414.534	0.12	414.534	0.13	414.534	0.03	
414.997	-0.05	414.997	0.07	414.997	0.1	414.997	0.12	414.997	0.13	414.997	0.04	
415.461	-0.05	415.461	0.07	415.461	0.1	415.461	0.12	415.461	0.13	415.461	0.04	
415.925	-0.05	415.925	0.07	415.925	0.09	415.925	0.12	415.925	0.13	415.925	0.03	
416.388	-0.05	416.388	0.07	416.388	0.09	416.388	0.12	416.388	0.13	416.388	0.03	
416.852	-0.05	416.852	0.07	416.852	0.1	416.852	0.12	416.852	0.13	416.852	0.03	
417.316	-0.05	417.316	0.07	417.316	0.1	417.316	0.12	417.316	0.13	417.316	0.03	
417.78	-0.05	417.78	0.07	417.78	0.1	417.78	0.12	417.78	0.13	417.78	0.03	
418.244	-0.05	418.244	0.07	418.244	0.1	418.244	0.12	418.244	0.13	418.244	0.03	
418.708	-0.05	418.708	0.07	418.708	0.1	418.708	0.12	418.708	0.13	418.708	0.03	
419.172	-0.05	419.172	0.07	419.172	0.1	419.172	0.12	419.172	0.13	419.172	0.03	
419.636	-0.05	419.636	0.07	419.636	0.1	419.636	0.13	419.636	0.13	419.636	0.04	
420.1	-0.05	420.1	0.07	420.1	0.1	420.1	0.13	420.1	0.14	420.1	0.03	
420.564	-0.05	420.564	0.07	420.564	0.1	420.564	0.13	420.564	0.14	420.564	0.04	
421.028	-0.05	421.028	0.07	421.028	0.1	421.028	0.13	421.028	0.14	421.028	0.04	
421.492	-0.05	421.492	0.07	421.492	0.1	421.492	0.13	421.492	0.14	421.492	0.04	
421.956	-0.05	421.956	0.07	421.956	0.1	421.956	0.13	421.956	0.14	421.956	0.04	
422.421	-0.05	422.421	0.07	422.421	0.1	422.421	0.13	422.421	0.14	422.421	0.04	
422.885	-0.05	422.885	0.08	422.885	0.1	422.885	0.13	422.885	0.14	422.885	0.04	
423.349	-0.05	423.349	0.08	423.349	0.1	423.349	0.13	423.349	0.14	423.349	0.04	
423.813	-0.05	423.813	0.08	423.813	0.1	423.813	0.13	423.813	0.14	423.813	0.04	
424.278	-0.05	424.278	0.08	424.278	0.1	424.278	0.13	424.278	0.14	424.278	0.04	
424.742	-0.05	424.742	0.08	424.742	0.1	424.742	0.13	424.742	0.14	424.742	0.04	
425.207	-0.05	425.207	0.08	425.207	0.1	425.207	0.13	425.207	0.14	425.207	0.04	
425.671	-0.05	425.671	0.08	425.671	0.1	425.671	0.13	425.671	0.14	425.671	0.04	
426.136	-0.05	426.136	0.08	426.136	0.1	426.136	0.13	426.136	0.14	426.136	0.04	
426.6	-0.05	426.6	0.08	426.6	0.1	426.6	0.13	426.6	0.14	426.6	0.04	
427.065	-0.05	427.065	0.08	427.065	0.1	427.065	0.13	427.065	0.14	427.065	0.04	
427.529	-0.05	427.529	0.08	427.529	0.1	427.529	0.13	427.529	0.14	427.529	0.04	
427.994	-0.05	427.994	0.08	427.994	0.1	427.994	0.13	427.994	0.14	427.994	0.04	
428.459	-0.05	428.459	0.08	428.459	0.1	428.459	0.13	428.459	0.14	428.459	0.04	
428.924	-0.05	428.924	0.08	428.924	0.1	428.924	0.14	428.924	0.14	428.924	0.04	
429.388	-0.05	429.388	0.08	429.388	0.1	429.388	0.14	429.388	0.15	429.388	0.04	
429.853	-0.05	429.853	0.08	429.853	0.1	429.853	0.14	429.853	0.15	429.853	0.04	
430.318	-0.05	430.318	0.08	430.318	0.1	430.318	0.14	430.318	0.15	430.318	0.04	
430.783	-0.05	430.783	0.08	430.783	0.1	430.783	0.14	430.783	0.15	430.783	0.04	
431.248	-0.05	431.248	0.08	431.248	0.1	431.248	0.14	431.248	0.15	431.248	0.04	
431.713	-0.05	431.713	0.08	431.713	0.1	431.713	0.14	431.713	0.15	431.713	0.04	
432.178	-0.05	432.178	0.08	432.178	0.1	432.178	0.14	432.178	0.15	432.178	0.04	
432.643	-0.05	432.643	0.08	432.643	0.1	432.643	0.14	432.643	0.15	432.643	0.04	
433.108	-0.05	433.108	0.08	433.108	0.1	433.108	0.14	433.108	0.15	433.108	0.04	
433.573	-0.05	433.573	0.08	433.573	0.1	433.573	0.14	433.573	0.15	433.573	0.04	
434.038	-0.05	434.038	0.08	434.038	0.11	434.038	0.14	434.038	0.15	434.038	0.04	
434.503	-0.05	434.503	0.08	434.503	0.11	434.503	0.14	434.503	0.15	434.503	0.04	
434.968	-0.05	434.968	0.08	434.968	0.11	434.968	0.14	434.968	0.15	434.968	0.04	
435.434	-0.05	435.434	0.08	435.434	0.11	435.434	0.14	435.434	0.15	435.434	0.04	
435.899	-0.05	435.899	0.08	435.899	0.11	435.899	0.14	435.899	0.16	435.899	0.04	
436.364	-0.05	436.364	0.08	436.364	0.11	436.364	0.14	436.364	0.16	436.364	0.04	
436.83	-0.05	436.83	0.08	436.83	0.11	436.83	0.14	436.83	0.16	436.83	0.04	
437.295	-0.05	437.295	0.09	437.295	0.11	437.295	0.15	437.295	0.16	437.295	0.04	
437.761	-0.05	437.761	0.09	437.761	0.11	437.761	0.15	437.761	0.16	437.761	0.04	
438.226	-0.05	438.226	0.09	438.226	0.11	438.226	0.15	438.226	0.16	438.226	0.04	
438.692	-0.05	438.692	0.09	438.692	0.11	438.692	0.15	438.692	0.16	438.692	0.04	
439.157	-0.05	439.157	0.09	439.157	0.11	439.157	0.15	439.157	0.16	439.157	0.04	
439.623	-0.05	439.623	0.09	439.623	0.11	439.623	0.15	439.623	0.17	439.623	0.04	
440.088	-0.05	440.088	0.09	440.088	0.11	440.088	0.15	440.088	0.17	440.088	0.04	
440.554	-0.05	440.554	0.09	440.554	0.12	440.554	0.15	440.554	0.17	440.554	0.04	
441.02	-0.05	441.02	0.09	441.02	0.12	441.02	0.15	441.02	0.17	441.02	0.04	
441.485	-0.05	441.485	0.09	441.485	0.12	441.485	0.16	441.485	0.17	441.485	0.04	
441.951	-0.05	441.951	0.09	441.951	0.12	441.951	0.16	441.951	0.17	441.951	0.04	
442.417	-0.05	442.417	0.09	442.417	0.12	442.417	0.16	442.417	0.17	442.417	0.04	
442.883	-0.05	442.883	0.09	442.883	0.12	442.883	0.16	442.883	0.18	442.883	0.04	
443.349	-0.05	443.349	0.09	443.349	0.12	443.349	0.16	443.349	0.18	443.349	0.04	
443.815	-0.05	443.815	0.09	443.815	0.12	443.815	0.16	443.815	0.18	443.815	0.05	
444.281	-0.05	444.281	0.09	444.281	0.12	444.281	0.16	444.281	0.18	444.281	0.05	
444.747	-0.05	444.747	0.09	444.747	0.12	444.747	0.17	444.747	0.18	444.747	0.05	
445.213	-0.05	445.213	0.1	445.213	0.13	445.213	0.17	445.213	0.19	445.213	0.05	
445.679	-0.05	445.679	0.1	445.679	0.13	445.679	0.17	445.679	0.19	445.679	0.05	
446.145	-0.05	446.145	0.1	446.145	0.13	446.145	0.17	446.145	0.19	446.145	0.05	
446.611	-0.05	446.611	0.1	446.611	0.13	446.611	0.17	446.611	0.19	446.611	0.05	
447.077	-0.05	447.077	0.1	447.077	0.13	447.077	0.17	447.077	0.19	447.077	0.05	
447.543	-0.05	447.543	0.1	447.543	0.13	447.543	0.18	447.543	0.2	447.543	0.05	
448.009	-0.05	448.009	0.1	448.009	0.13	448.009	0.18	448.009	0.2	448.009	0.05	
448.476	-0.05	448.476	0.1	448.476	0.13	448.476	0.18	448.476	0.2	448.476	0.05	
448.942	-0.05	448.942	0.1	448.942	0.14	448.942	0.18	448.942	0.2	448.942	0.05	
449.408	-0.05	449.408	0.1	449.408	0.14	449.408	0.18	449.408	0.2	449.408	0.05	
449.875	-0.05	449.875	0.11	449.875	0.14	449.875	0.18	449.875	0.21	449.875	0.05	
450.341	-0.05	450.341	0.11	450.341	0.14	450.341	0.19	450.341	0.21	450.341	0.05	
450.808	-0.05	450.808	0.11	450.808	0.14	450.808	0.19	450.808	0.21	450.808	0.05	
451.274	-0.05	451.274	0.11	451.274	0.14	451.274	0.19	451.274	0.21	451.274	0.05	
451.741	-0.05	451.741	0.11	451.741	0.14	451.741	0.19	451.741	0.21	451.741	0.05	
452.207	-0.05	452.207	0.11	452.207	0.15	452.207	0.19	452.207	0.22	452.207	0.05	
452.674	-0.05	452.674	0.11	452.674	0.15	452.674	0.2	452.674	0.22	452.674	0.05	
453.141	-0.05	453.141	0.11	453.141	0.15	453.141	0.2	453.141	0.22	453.141	0.06	
453.607	-0.05	453.607	0.11	453.607	0.15	453.607	0.2	453.607	0.23	453.607	0.06	
454.074	-0.05	454.074	0.11	454.074	0.15	454.074	0.2	454.074	0.23	454.074	0.06	
454.541	-0.05	454.541	0.12	454.541	0.15	454.541	0.2	454.541	0.23	454.541	0.06	
455.008	-0.05	455.008	0.12	455.008	0.16	455.008	0.21	455.008	0.23	455.008	0.06	
455.474	-0.05	455.474	0.12	455.474	0.16	455.474	0.21	455.474	0.24	455.474	0.06	
455.941	-0.05	455.941	0.12	455.941	0.16	455.941	0.21	455.941	0.24	455.941	0.06	
456.408	-0.05	456.408	0.12	456.408	0.16	456.408	0.21	456.408	0.24	456.408	0.06	
456.875	-0.05	456.875	0.12	456.875	0.16	456.875	0.22	456.875	0.25	456.875	0.06	
457.342	-0.05	457.342	0.12	457.342	0.16	457.342	0.22	457.342	0.25	457.342	0.06	
457.809	-0.05	457.809	0.12	457.809	0.17	457.809	0.22	457.809	0.25	457.809	0.06	
458.276	-0.05	458.276	0.13	458.276	0.17	458.276	0.22	458.276	0.25	458.276	0.06	
458.743	-0.05	458.743	0.13	458.743	0.17	458.743	0.23	458.743	0.26	458.743	0.06	
459.21	-0.05	459.21	0.13	459.21	0.17	459.21	0.23	459.21	0.26	459.21	0.06	
459.678	-0.05	459.678	0.13	459.678	0.17	459.678	0.23	459.678	0.26	459.678	0.07	
460.145	-0.05	460.145	0.13	460.145	0.18	460.145	0.23	460.145	0.27	460.145	0.07	
460.612	-0.05	460.612	0.13	460.612	0.18	460.612	0.23	460.612	0.27	460.612	0.07	
461.079	-0.05	461.079	0.13	461.079	0.18	461.079	0.24	461.079	0.27	461.079	0.07	
461.547	-0.05	461.547	0.13	461.547	0.18	461.547	0.24	461.547	0.28	461.547	0.07	
462.014	-0.05	462.014	0.14	462.014	0.18	462.014	0.24	462.014	0.28	462.014	0.07	
462.481	-0.05	462.481	0.14	462.481	0.19	462.481	0.24	462.481	0.28	462.481	0.07	
462.949	-0.05	462.949	0.14	462.949	0.19	462.949	0.25	462.949	0.28	462.949	0.07	
463.416	-0.05	463.416	0.14	463.416	0.19	463.416	0.25	463.416	0.29	463.416	0.07	
463.884	-0.05	463.884	0.14	463.884	0.19	463.884	0.25	463.884	0.29	463.884	0.07	
464.351	-0.05	464.351	0.14	464.351	0.19	464.351	0.26	464.351	0.29	464.351	0.07	
464.819	-0.05	464.819	0.14	464.819	0.19	464.819	0.26	464.819	0.3	464.819	0.07	
465.286	-0.05	465.286	0.15	465.286	0.2	465.286	0.26	465.286	0.3	465.286	0.07	
465.754	-0.05	465.754	0.15	465.754	0.2	465.754	0.26	465.754	0.3	465.754	0.08	
466.222	-0.05	466.222	0.15	466.222	0.2	466.222	0.27	466.222	0.31	466.222	0.08	
466.689	-0.05	466.689	0.15	466.689	0.2	466.689	0.27	466.689	0.31	466.689	0.08	
467.157	-0.05	467.157	0.15	467.157	0.21	467.157	0.27	467.157	0.31	467.157	0.08	
467.625	-0.05	467.625	0.15	467.625	0.21	467.625	0.27	467.625	0.32	467.625	0.08	
468.093	-0.05	468.093	0.15	468.093	0.21	468.093	0.28	468.093	0.32	468.093	0.08	
468.56	-0.05	468.56	0.16	468.56	0.21	468.56	0.28	468.56	0.32	468.56	0.08	
469.028	-0.05	469.028	0.16	469.028	0.21	469.028	0.28	469.028	0.33	469.028	0.08	
469.496	-0.05	469.496	0.16	469.496	0.22	469.496	0.29	469.496	0.33	469.496	0.08	
469.964	-0.05	469.964	0.16	469.964	0.22	469.964	0.29	469.964	0.33	469.964	0.08	
470.432	-0.05	470.432	0.16	470.432	0.22	470.432	0.29	470.432	0.34	470.432	0.08	
470.9	-0.05	470.9	0.16	470.9	0.22	470.9	0.29	470.9	0.34	470.9	0.08	
471.368	-0.05	471.368	0.17	471.368	0.22	471.368	0.3	471.368	0.34	471.368	0.09	
471.836	-0.05	471.836	0.17	471.836	0.23	471.836	0.3	471.836	0.35	471.836	0.09	
472.305	-0.05	472.305	0.17	472.305	0.23	472.305	0.3	472.305	0.35	472.305	0.09	
472.773	-0.05	472.773	0.17	472.773	0.23	472.773	0.3	472.773	0.36	472.773	0.09	
473.241	-0.05	473.241	0.17	473.241	0.23	473.241	0.31	473.241	0.36	473.241	0.09	
473.709	-0.05	473.709	0.17	473.709	0.24	473.709	0.31	473.709	0.36	473.709	0.09	
474.178	-0.05	474.178	0.17	474.178	0.24	474.178	0.31	474.178	0.37	474.178	0.09	
474.646	-0.05	474.646	0.18	474.646	0.24	474.646	0.32	474.646	0.37	474.646	0.09	
475.114	-0.05	475.114	0.18	475.114	0.24	475.114	0.32	475.114	0.37	475.114	0.09	
475.583	-0.05	475.583	0.18	475.583	0.24	475.583	0.32	475.583	0.38	475.583	0.09	
476.051	-0.05	476.051	0.18	476.051	0.25	476.051	0.33	476.051	0.38	476.051	0.09	
476.52	-0.05	476.52	0.18	476.52	0.25	476.52	0.33	476.52	0.38	476.52	0.09	
476.988	-0.05	476.988	0.18	476.988	0.25	476.988	0.33	476.988	0.39	476.988	0.1	
477.457	-0.05	477.457	0.19	477.457	0.25	477.457	0.33	477.457	0.39	477.457	0.1	
477.925	-0.05	477.925	0.19	477.925	0.26	477.925	0.34	477.925	0.39	477.925	0.1	
478.394	-0.05	478.394	0.19	478.394	0.26	478.394	0.34	478.394	0.4	478.394	0.1	
478.863	-0.05	478.863	0.19	478.863	0.26	478.863	0.34	478.863	0.4	478.863	0.1	
479.331	-0.05	479.331	0.19	479.331	0.26	479.331	0.34	479.331	0.4	479.331	0.1	
479.8	-0.05	479.8	0.19	479.8	0.26	479.8	0.35	479.8	0.41	479.8	0.1	
480.269	-0.05	480.269	0.19	480.269	0.27	480.269	0.35	480.269	0.41	480.269	0.1	
480.737	-0.05	480.737	0.2	480.737	0.27	480.737	0.35	480.737	0.41	480.737	0.1	
481.206	-0.05	481.206	0.2	481.206	0.27	481.206	0.35	481.206	0.42	481.206	0.1	
481.675	-0.05	481.675	0.2	481.675	0.27	481.675	0.36	481.675	0.42	481.675	0.1	
482.144	-0.05	482.144	0.2	482.144	0.27	482.144	0.36	482.144	0.42	482.144	0.1	
482.613	-0.05	482.613	0.2	482.613	0.28	482.613	0.36	482.613	0.43	482.613	0.11	
483.082	-0.05	483.082	0.2	483.082	0.28	483.082	0.37	483.082	0.43	483.082	0.11	
483.551	-0.05	483.551	0.2	483.551	0.28	483.551	0.37	483.551	0.43	483.551	0.11	
484.02	-0.05	484.02	0.21	484.02	0.28	484.02	0.37	484.02	0.44	484.02	0.11	
484.489	-0.05	484.489	0.21	484.489	0.28	484.489	0.37	484.489	0.44	484.489	0.11	
484.958	-0.05	484.958	0.21	484.958	0.29	484.958	0.38	484.958	0.44	484.958	0.11	
485.428	-0.05	485.428	0.21	485.428	0.29	485.428	0.38	485.428	0.45	485.428	0.11	
485.897	-0.05	485.897	0.21	485.897	0.29	485.897	0.38	485.897	0.45	485.897	0.11	
486.366	-0.05	486.366	0.21	486.366	0.29	486.366	0.38	486.366	0.45	486.366	0.11	
486.835	-0.05	486.835	0.21	486.835	0.29	486.835	0.39	486.835	0.45	486.835	0.11	
487.305	-0.05	487.305	0.21	487.305	0.29	487.305	0.39	487.305	0.46	487.305	0.11	
487.774	-0.05	487.774	0.22	487.774	0.3	487.774	0.39	487.774	0.46	487.774	0.11	
488.243	-0.05	488.243	0.22	488.243	0.3	488.243	0.39	488.243	0.46	488.243	0.11	
488.713	-0.05	488.713	0.22	488.713	0.3	488.713	0.39	488.713	0.47	488.713	0.11	
489.182	-0.05	489.182	0.22	489.182	0.3	489.182	0.4	489.182	0.47	489.182	0.12	
489.652	-0.05	489.652	0.22	489.652	0.3	489.652	0.4	489.652	0.47	489.652	0.12	
490.121	-0.05	490.121	0.22	490.121	0.31	490.121	0.4	490.121	0.47	490.121	0.12	
490.591	-0.05	490.591	0.22	490.591	0.31	490.591	0.4	490.591	0.48	490.591	0.12	
491.06	-0.05	491.06	0.22	491.06	0.31	491.06	0.41	491.06	0.48	491.06	0.12	
491.53	-0.05	491.53	0.23	491.53	0.31	491.53	0.41	491.53	0.48	491.53	0.12	
492	-0.05	492	0.23	492	0.31	492	0.41	492	0.49	492	0.12	
492.469	-0.05	492.469	0.23	492.469	0.31	492.469	0.41	492.469	0.49	492.469	0.12	
492.939	-0.05	492.939	0.23	492.939	0.32	492.939	0.42	492.939	0.49	492.939	0.12	
493.409	-0.05	493.409	0.23	493.409	0.32	493.409	0.42	493.409	0.49	493.409	0.12	
493.879	-0.05	493.879	0.23	493.879	0.32	493.879	0.42	493.879	0.5	493.879	0.12	
494.349	-0.05	494.349	0.23	494.349	0.32	494.349	0.42	494.349	0.5	494.349	0.12	
494.818	-0.05	494.818	0.23	494.818	0.32	494.818	0.42	494.818	0.5	494.818	0.12	
495.288	-0.05	495.288	0.23	495.288	0.33	495.288	0.43	495.288	0.51	495.288	0.12	
495.758	-0.05	495.758	0.24	495.758	0.33	495.758	0.43	495.758	0.51	495.758	0.13	
496.228	-0.05	496.228	0.24	496.228	0.33	496.228	0.43	496.228	0.51	496.228	0.13	
496.698	-0.05	496.698	0.24	496.698	0.33	496.698	0.43	496.698	0.51	496.698	0.13	
497.168	-0.05	497.168	0.24	497.168	0.33	497.168	0.44	497.168	0.52	497.168	0.13	
497.639	-0.05	497.639	0.24	497.639	0.33	497.639	0.44	497.639	0.52	497.639	0.13	
498.109	-0.05	498.109	0.24	498.109	0.33	498.109	0.44	498.109	0.52	498.109	0.13	
498.579	-0.05	498.579	0.24	498.579	0.34	498.579	0.44	498.579	0.52	498.579	0.13	
499.049	-0.05	499.049	0.24	499.049	0.34	499.049	0.44	499.049	0.53	499.049	0.13	
499.519	-0.05	499.519	0.25	499.519	0.34	499.519	0.45	499.519	0.53	499.519	0.13	
499.99	-0.05	499.99	0.25	499.99	0.34	499.99	0.45	499.99	0.53	499.99	0.13	
500.46	-0.05	500.46	0.25	500.46	0.34	500.46	0.45	500.46	0.53	500.46	0.13	
500.93	-0.05	500.93	0.25	500.93	0.34	500.93	0.45	500.93	0.54	500.93	0.13	
501.401	-0.05	501.401	0.25	501.401	0.35	501.401	0.45	501.401	0.54	501.401	0.13	
501.871	-0.05	501.871	0.25	501.871	0.35	501.871	0.46	501.871	0.54	501.871	0.13	
502.342	-0.05	502.342	0.25	502.342	0.35	502.342	0.46	502.342	0.54	502.342	0.13	
502.812	-0.05	502.812	0.25	502.812	0.35	502.812	0.46	502.812	0.55	502.812	0.13	
503.283	-0.05	503.283	0.25	503.283	0.35	503.283	0.46	503.283	0.55	503.283	0.13	
503.753	-0.05	503.753	0.26	503.753	0.35	503.753	0.46	503.753	0.55	503.753	0.14	
504.224	-0.05	504.224	0.26	504.224	0.35	504.224	0.47	504.224	0.55	504.224	0.14	
504.695	-0.05	504.695	0.26	504.695	0.36	504.695	0.47	504.695	0.55	504.695	0.14	
505.165	-0.05	505.165	0.26	505.165	0.36	505.165	0.47	505.165	0.56	505.165	0.14	
505.636	-0.05	505.636	0.26	505.636	0.36	505.636	0.47	505.636	0.56	505.636	0.14	
506.107	-0.05	506.107	0.26	506.107	0.36	506.107	0.47	506.107	0.56	506.107	0.14	
506.577	-0.05	506.577	0.26	506.577	0.36	506.577	0.47	506.577	0.56	506.577	0.14	
507.048	-0.05	507.048	0.26	507.048	0.36	507.048	0.48	507.048	0.56	507.048	0.14	
507.519	-0.05	507.519	0.26	507.519	0.36	507.519	0.48	507.519	0.57	507.519	0.14	
507.99	-0.05	507.99	0.26	507.99	0.36	507.99	0.48	507.99	0.57	507.99	0.14	
508.461	-0.05	508.461	0.26	508.461	0.37	508.461	0.48	508.461	0.57	508.461	0.14	
508.932	-0.05	508.932	0.26	508.932	0.37	508.932	0.48	508.932	0.57	508.932	0.14	
509.403	-0.05	509.403	0.27	509.403	0.37	509.403	0.48	509.403	0.57	509.403	0.14	
509.874	-0.05	509.874	0.27	509.874	0.37	509.874	0.48	509.874	0.58	509.874	0.14	
510.345	-0.05	510.345	0.27	510.345	0.37	510.345	0.49	510.345	0.58	510.345	0.14	
510.816	-0.05	510.816	0.27	510.816	0.37	510.816	0.49	510.816	0.58	510.816	0.14	
511.287	-0.05	511.287	0.27	511.287	0.37	511.287	0.49	511.287	0.58	511.287	0.14	
511.759	-0.05	511.759	0.27	511.759	0.37	511.759	0.49	511.759	0.58	511.759	0.14	
512.23	-0.05	512.23	0.27	512.23	0.37	512.23	0.49	512.23	0.58	512.23	0.14	
512.701	-0.05	512.701	0.27	512.701	0.37	512.701	0.49	512.701	0.58	512.701	0.14	
513.172	-0.05	513.172	0.27	513.172	0.37	513.172	0.49	513.172	0.58	513.172	0.14	
513.644	-0.05	513.644	0.27	513.644	0.37	513.644	0.49	513.644	0.58	513.644	0.14	
514.115	-0.05	514.115	0.27	514.115	0.37	514.115	0.49	514.115	0.58	514.115	0.14	
514.587	-0.05	514.587	0.27	514.587	0.37	514.587	0.49	514.587	0.58	514.587	0.14	
515.058	-0.05	515.058	0.27	515.058	0.37	515.058	0.49	515.058	0.58	515.058	0.14	
515.529	-0.05	515.529	0.27	515.529	0.37	515.529	0.49	515.529	0.58	515.529	0.14	
516.001	-0.05	516.001	0.27	516.001	0.37	516.001	0.49	516.001	0.58	516.001	0.14	
516.473	-0.05	516.473	0.27	516.473	0.37	516.473	0.49	516.473	0.59	516.473	0.14	
516.944	-0.05	516.944	0.27	516.944	0.37	516.944	0.49	516.944	0.58	516.944	0.14	
517.416	-0.05	517.416	0.27	517.416	0.37	517.416	0.49	517.416	0.58	517.416	0.14	
517.887	-0.05	517.887	0.27	517.887	0.37	517.887	0.49	517.887	0.58	517.887	0.14	
518.359	-0.05	518.359	0.27	518.359	0.37	518.359	0.49	518.359	0.58	518.359	0.14	
518.831	-0.05	518.831	0.27	518.831	0.37	518.831	0.49	518.831	0.58	518.831	0.14	
519.303	-0.05	519.303	0.27	519.303	0.37	519.303	0.49	519.303	0.58	519.303	0.14	
519.774	-0.05	519.774	0.27	519.774	0.37	519.774	0.49	519.774	0.58	519.774	0.14	
520.246	-0.05	520.246	0.27	520.246	0.37	520.246	0.49	520.246	0.58	520.246	0.14	
520.718	-0.05	520.718	0.27	520.718	0.37	520.718	0.49	520.718	0.58	520.718	0.14	
521.19	-0.05	521.19	0.27	521.19	0.37	521.19	0.49	521.19	0.58	521.19	0.14	
521.662	-0.05	521.662	0.27	521.662	0.37	521.662	0.49	521.662	0.58	521.662	0.14	
522.134	-0.05	522.134	0.27	522.134	0.37	522.134	0.48	522.134	0.58	522.134	0.14	
522.606	-0.05	522.606	0.27	522.606	0.37	522.606	0.48	522.606	0.57	522.606	0.14	
523.078	-0.05	523.078	0.26	523.078	0.37	523.078	0.48	523.078	0.57	523.078	0.14	
523.55	-0.05	523.55	0.26	523.55	0.37	523.55	0.48	523.55	0.57	523.55	0.14	
524.022	-0.05	524.022	0.26	524.022	0.37	524.022	0.48	524.022	0.57	524.022	0.14	
524.494	-0.05	524.494	0.26	524.494	0.36	524.494	0.48	524.494	0.57	524.494	0.14	
524.967	-0.05	524.967	0.26	524.967	0.36	524.967	0.48	524.967	0.57	524.967	0.14	
525.439	-0.05	525.439	0.26	525.439	0.36	525.439	0.48	525.439	0.57	525.439	0.14	
525.911	-0.05	525.911	0.26	525.911	0.36	525.911	0.47	525.911	0.56	525.911	0.14	
526.383	-0.05	526.383	0.26	526.383	0.36	526.383	0.47	526.383	0.56	526.383	0.14	
526.856	-0.05	526.856	0.26	526.856	0.36	526.856	0.47	526.856	0.56	526.856	0.14	
527.328	-0.05	527.328	0.26	527.328	0.36	527.328	0.47	527.328	0.56	527.328	0.14	
527.801	-0.05	527.801	0.26	527.801	0.36	527.801	0.47	527.801	0.56	527.801	0.14	
528.273	-0.05	528.273	0.26	528.273	0.35	528.273	0.47	528.273	0.55	528.273	0.14	
528.746	-0.05	528.746	0.26	528.746	0.35	528.746	0.46	528.746	0.55	528.746	0.14	
529.218	-0.05	529.218	0.25	529.218	0.35	529.218	0.46	529.218	0.55	529.218	0.14	
529.691	-0.05	529.691	0.25	529.691	0.35	529.691	0.46	529.691	0.55	529.691	0.14	
530.163	-0.05	530.163	0.25	530.163	0.35	530.163	0.46	530.163	0.55	530.163	0.14	
530.636	-0.05	530.636	0.25	530.636	0.35	530.636	0.46	530.636	0.54	530.636	0.13	
531.109	-0.05	531.109	0.25	531.109	0.35	531.109	0.46	531.109	0.54	531.109	0.13	
531.581	-0.05	531.581	0.25	531.581	0.35	531.581	0.45	531.581	0.54	531.581	0.13	
532.054	-0.05	532.054	0.25	532.054	0.34	532.054	0.45	532.054	0.54	532.054	0.13	
532.527	-0.05	532.527	0.25	532.527	0.34	532.527	0.45	532.527	0.54	532.527	0.13	
533	-0.05	533	0.25	533	0.34	533	0.45	533	0.53	533	0.13	
533.472	-0.05	533.472	0.25	533.472	0.34	533.472	0.45	533.472	0.53	533.472	0.13	
533.945	-0.05	533.945	0.24	533.945	0.34	533.945	0.44	533.945	0.53	533.945	0.13	
534.418	-0.05	534.418	0.24	534.418	0.34	534.418	0.44	534.418	0.53	534.418	0.13	
534.891	-0.05	534.891	0.24	534.891	0.34	534.891	0.44	534.891	0.53	534.891	0.13	
535.364	-0.05	535.364	0.24	535.364	0.33	535.364	0.44	535.364	0.52	535.364	0.13	
535.837	-0.05	535.837	0.24	535.837	0.33	535.837	0.44	535.837	0.52	535.837	0.13	
536.31	-0.05	536.31	0.24	536.31	0.33	536.31	0.44	536.31	0.52	536.31	0.13	
536.783	-0.05	536.783	0.24	536.783	0.33	536.783	0.43	536.783	0.52	536.783	0.13	
537.257	-0.05	537.257	0.24	537.257	0.33	537.257	0.43	537.257	0.51	537.257	0.13	
537.73	-0.05	537.73	0.24	537.73	0.33	537.73	0.43	537.73	0.51	537.73	0.13	
538.203	-0.05	538.203	0.24	538.203	0.33	538.203	0.43	538.203	0.51	538.203	0.13	
538.676	-0.05	538.676	0.24	538.676	0.32	538.676	0.43	538.676	0.51	538.676	0.13	
539.149	-0.05	539.149	0.23	539.149	0.32	539.149	0.43	539.149	0.51	539.149	0.13	
539.623	-0.05	539.623	0.23	539.623	0.32	539.623	0.42	539.623	0.5	539.623	0.12	
540.096	-0.05	540.096	0.23	540.096	0.32	540.096	0.42	540.096	0.5	540.096	0.12	
540.57	-0.05	540.57	0.23	540.57	0.32	540.57	0.42	540.57	0.5	540.57	0.12	
541.043	-0.05	541.043	0.23	541.043	0.32	541.043	0.42	541.043	0.5	541.043	0.12	
541.516	-0.05	541.516	0.23	541.516	0.32	541.516	0.42	541.516	0.5	541.516	0.12	
541.99	-0.05	541.99	0.23	541.99	0.32	541.99	0.42	541.99	0.49	541.99	0.12	
542.463	-0.05	542.463	0.23	542.463	0.31	542.463	0.41	542.463	0.49	542.463	0.12	
542.937	-0.05	542.937	0.23	542.937	0.31	542.937	0.41	542.937	0.49	542.937	0.12	
543.411	-0.05	543.411	0.23	543.411	0.31	543.411	0.41	543.411	0.49	543.411	0.12	
543.884	-0.05	543.884	0.22	543.884	0.31	543.884	0.41	543.884	0.48	543.884	0.12	
544.358	-0.05	544.358	0.22	544.358	0.31	544.358	0.41	544.358	0.48	544.358	0.12	
544.832	-0.05	544.832	0.22	544.832	0.31	544.832	0.4	544.832	0.48	544.832	0.12	
545.305	-0.05	545.305	0.22	545.305	0.31	545.305	0.4	545.305	0.48	545.305	0.12	
545.779	-0.05	545.779	0.22	545.779	0.3	545.779	0.4	545.779	0.48	545.779	0.12	
546.253	-0.05	546.253	0.22	546.253	0.3	546.253	0.4	546.253	0.47	546.253	0.12	
546.727	-0.05	546.727	0.22	546.727	0.3	546.727	0.4	546.727	0.47	546.727	0.12	
547.201	-0.05	547.201	0.22	547.201	0.3	547.201	0.39	547.201	0.47	547.201	0.12	
547.675	-0.05	547.675	0.22	547.675	0.3	547.675	0.39	547.675	0.46	547.675	0.11	
548.149	-0.05	548.149	0.21	548.149	0.3	548.149	0.39	548.149	0.46	548.149	0.11	
548.623	-0.05	548.623	0.21	548.623	0.29	548.623	0.39	548.623	0.46	548.623	0.11	
549.097	-0.05	549.097	0.21	549.097	0.29	549.097	0.39	549.097	0.46	549.097	0.11	
549.571	-0.05	549.571	0.21	549.571	0.29	549.571	0.38	549.571	0.45	549.571	0.11	
550.045	-0.05	550.045	0.21	550.045	0.29	550.045	0.38	550.045	0.45	550.045	0.11	
550.519	-0.05	550.519	0.21	550.519	0.29	550.519	0.38	550.519	0.45	550.519	0.11	
550.993	-0.05	550.993	0.21	550.993	0.28	550.993	0.38	550.993	0.44	550.993	0.11	
551.467	-0.05	551.467	0.21	551.467	0.28	551.467	0.37	551.467	0.44	551.467	0.11	
551.942	-0.05	551.942	0.2	551.942	0.28	551.942	0.37	551.942	0.44	551.942	0.11	
552.416	-0.05	552.416	0.2	552.416	0.28	552.416	0.37	552.416	0.44	552.416	0.11	
552.89	-0.05	552.89	0.2	552.89	0.28	552.89	0.36	552.89	0.43	552.89	0.11	
553.365	-0.05	553.365	0.2	553.365	0.27	553.365	0.36	553.365	0.43	553.365	0.11	
553.839	-0.05	553.839	0.2	553.839	0.27	553.839	0.36	553.839	0.42	553.839	0.1	
554.313	-0.05	554.313	0.2	554.313	0.27	554.313	0.36	554.313	0.42	554.313	0.1	
554.788	-0.05	554.788	0.19	554.788	0.27	554.788	0.35	554.788	0.42	554.788	0.1	
555.262	-0.05	555.262	0.19	555.262	0.26	555.262	0.35	555.262	0.41	555.262	0.1	
555.737	-0.05	555.737	0.19	555.737	0.26	555.737	0.35	555.737	0.41	555.737	0.1	
556.211	-0.05	556.211	0.19	556.211	0.26	556.211	0.34	556.211	0.4	556.211	0.1	
556.686	-0.05	556.686	0.19	556.686	0.26	556.686	0.34	556.686	0.4	556.686	0.1	
557.161	-0.05	557.161	0.18	557.161	0.25	557.161	0.34	557.161	0.4	557.161	0.1	
557.635	-0.05	557.635	0.18	557.635	0.25	557.635	0.33	557.635	0.39	557.635	0.1	
558.11	-0.05	558.11	0.18	558.11	0.25	558.11	0.33	558.11	0.39	558.11	0.1	
558.585	-0.05	558.585	0.18	558.585	0.24	558.585	0.32	558.585	0.38	558.585	0.09	
559.06	-0.05	559.06	0.18	559.06	0.24	559.06	0.32	559.06	0.38	559.06	0.09	
559.534	-0.05	559.534	0.17	559.534	0.24	559.534	0.32	559.534	0.37	559.534	0.09	
560.009	-0.05	560.009	0.17	560.009	0.23	560.009	0.31	560.009	0.37	560.009	0.09	
560.484	-0.05	560.484	0.17	560.484	0.23	560.484	0.31	560.484	0.36	560.484	0.09	
560.959	-0.05	560.959	0.17	560.959	0.23	560.959	0.3	560.959	0.36	560.959	0.09	
561.434	-0.05	561.434	0.16	561.434	0.23	561.434	0.3	561.434	0.35	561.434	0.09	
561.909	-0.05	561.909	0.16	561.909	0.22	561.909	0.3	561.909	0.35	561.909	0.09	
562.384	-0.05	562.384	0.16	562.384	0.22	562.384	0.29	562.384	0.34	562.384	0.08	
562.859	-0.05	562.859	0.16	562.859	0.21	562.859	0.29	562.859	0.34	562.859	0.08	
563.334	-0.05	563.334	0.16	563.334	0.21	563.334	0.28	563.334	0.33	563.334	0.08	
563.809	-0.05	563.809	0.15	563.809	0.21	563.809	0.28	563.809	0.33	563.809	0.08	
564.285	-0.05	564.285	0.15	564.285	0.2	564.285	0.27	564.285	0.32	564.285	0.08	
564.76	-0.05	564.76	0.15	564.76	0.2	564.76	0.27	564.76	0.31	564.76	0.08	
565.235	-0.05	565.235	0.15	565.235	0.2	565.235	0.26	565.235	0.31	565.235	0.08	
565.71	-0.05	565.71	0.14	565.71	0.19	565.71	0.26	565.71	0.3	565.71	0.07	
566.186	-0.05	566.186	0.14	566.186	0.19	566.186	0.25	566.186	0.3	566.186	0.07	
566.661	-0.05	566.661	0.14	566.661	0.19	566.661	0.25	566.661	0.29	566.661	0.07	
567.136	-0.05	567.136	0.13	567.136	0.18	567.136	0.24	567.136	0.29	567.136	0.07	
567.612	-0.05	567.612	0.13	567.612	0.18	567.612	0.24	567.612	0.28	567.612	0.07	
568.087	-0.05	568.087	0.13	568.087	0.17	568.087	0.23	568.087	0.27	568.087	0.07	
568.563	-0.05	568.563	0.13	568.563	0.17	568.563	0.23	568.563	0.27	568.563	0.07	
569.038	-0.05	569.038	0.12	569.038	0.17	569.038	0.22	569.038	0.26	569.038	0.06	
569.514	-0.05	569.514	0.12	569.514	0.16	569.514	0.22	569.514	0.26	569.514	0.06	
569.99	-0.05	569.99	0.12	569.99	0.16	569.99	0.21	569.99	0.25	569.99	0.06	
570.465	-0.05	570.465	0.12	570.465	0.15	570.465	0.21	570.465	0.24	570.465	0.06	
570.941	-0.05	570.941	0.11	570.941	0.15	570.941	0.2	570.941	0.24	570.941	0.06	
571.417	-0.05	571.417	0.11	571.417	0.15	571.417	0.2	571.417	0.23	571.417	0.06	
571.892	-0.05	571.892	0.11	571.892	0.14	571.892	0.19	571.892	0.22	571.892	0.06	
572.368	-0.05	572.368	0.11	572.368	0.14	572.368	0.19	572.368	0.22	572.368	0.05	
572.844	-0.05	572.844	0.1	572.844	0.14	572.844	0.18	572.844	0.21	572.844	0.05	
573.32	-0.05	573.32	0.1	573.32	0.13	573.32	0.18	573.32	0.21	573.32	0.05	
573.796	-0.05	573.796	0.1	573.796	0.13	573.796	0.17	573.796	0.2	573.796	0.05	
574.272	-0.05	574.272	0.09	574.272	0.12	574.272	0.17	574.272	0.2	574.272	0.05	
574.748	-0.05	574.748	0.09	574.748	0.12	574.748	0.16	574.748	0.19	574.748	0.05	
575.224	-0.05	575.224	0.09	575.224	0.12	575.224	0.16	575.224	0.18	575.224	0.05	
575.7	-0.05	575.7	0.09	575.7	0.11	575.7	0.16	575.7	0.18	575.7	0.04	
576.176	-0.05	576.176	0.08	576.176	0.11	576.176	0.15	576.176	0.17	576.176	0.04	
576.652	-0.05	576.652	0.08	576.652	0.11	576.652	0.15	576.652	0.17	576.652	0.04	
577.128	-0.05	577.128	0.08	577.128	0.1	577.128	0.14	577.128	0.16	577.128	0.04	
577.604	-0.05	577.604	0.08	577.604	0.1	577.604	0.14	577.604	0.16	577.604	0.04	
578.08	-0.05	578.08	0.08	578.08	0.1	578.08	0.13	578.08	0.15	578.08	0.04	
578.556	-0.05	578.556	0.07	578.556	0.09	578.556	0.13	578.556	0.15	578.556	0.04	
579.033	-0.05	579.033	0.07	579.033	0.09	579.033	0.13	579.033	0.14	579.033	0.04	
579.509	-0.05	579.509	0.07	579.509	0.09	579.509	0.12	579.509	0.14	579.509	0.03	
579.985	-0.05	579.985	0.07	579.985	0.08	579.985	0.12	579.985	0.13	579.985	0.03	
580.462	-0.05	580.462	0.06	580.462	0.08	580.462	0.11	580.462	0.13	580.462	0.03	
580.938	-0.05	580.938	0.06	580.938	0.08	580.938	0.11	580.938	0.12	580.938	0.03	
581.415	-0.05	581.415	0.06	581.415	0.08	581.415	0.11	581.415	0.12	581.415	0.03	
581.891	-0.05	581.891	0.06	581.891	0.07	581.891	0.1	581.891	0.11	581.891	0.03	
582.368	-0.05	582.368	0.06	582.368	0.07	582.368	0.1	582.368	0.11	582.368	0.03	
582.844	-0.05	582.844	0.06	582.844	0.07	582.844	0.1	582.844	0.11	582.844	0.03	
583.321	-0.05	583.321	0.05	583.321	0.07	583.321	0.09	583.321	0.1	583.321	0.03	
583.798	-0.05	583.798	0.05	583.798	0.06	583.798	0.09	583.798	0.1	583.798	0.02	
584.274	-0.05	584.274	0.05	584.274	0.06	584.274	0.09	584.274	0.09	584.274	0.02	
584.751	-0.05	584.751	0.05	584.751	0.06	584.751	0.08	584.751	0.09	584.751	0.02	
585.228	-0.05	585.228	0.05	585.228	0.06	585.228	0.08	585.228	0.09	585.228	0.02	
585.704	-0.05	585.704	0.05	585.704	0.05	585.704	0.08	585.704	0.08	585.704	0.02	
586.181	-0.05	586.181	0.04	586.181	0.05	586.181	0.08	586.181	0.08	586.181	0.02	
586.658	-0.05	586.658	0.04	586.658	0.05	586.658	0.07	586.658	0.08	586.658	0.02	
587.135	-0.05	587.135	0.04	587.135	0.05	587.135	0.07	587.135	0.07	587.135	0.02	
587.612	-0.05	587.612	0.04	587.612	0.05	587.612	0.07	587.612	0.07	587.612	0.02	
588.089	-0.05	588.089	0.04	588.089	0.04	588.089	0.07	588.089	0.07	588.089	0.02	
588.566	-0.05	588.566	0.04	588.566	0.04	588.566	0.06	588.566	0.07	588.566	0.02	
589.043	-0.05	589.043	0.04	589.043	0.04	589.043	0.06	589.043	0.06	589.043	0.02	
589.52	-0.05	589.52	0.04	589.52	0.04	589.52	0.06	589.52	0.06	589.52	0.02	
589.997	-0.05	589.997	0.03	589.997	0.04	589.997	0.06	589.997	0.06	589.997	0.02	
590.474	-0.05	590.474	0.03	590.474	0.04	590.474	0.06	590.474	0.06	590.474	0.01	
590.951	-0.05	590.951	0.03	590.951	0.03	590.951	0.05	590.951	0.05	590.951	0.01	
591.429	-0.05	591.429	0.03	591.429	0.03	591.429	0.05	591.429	0.05	591.429	0.01	
591.906	-0.05	591.906	0.03	591.906	0.03	591.906	0.05	591.906	0.05	591.906	0.01	
592.383	-0.05	592.383	0.03	592.383	0.03	592.383	0.05	592.383	0.05	592.383	0.01	
592.86	-0.05	592.86	0.03	592.86	0.03	592.86	0.05	592.86	0.05	592.86	0.01	
593.338	-0.05	593.338	0.03	593.338	0.03	593.338	0.05	593.338	0.04	593.338	0.01	
593.815	-0.05	593.815	0.03	593.815	0.03	593.815	0.04	593.815	0.04	593.815	0.01	
594.292	-0.05	594.292	0.03	594.292	0.03	594.292	0.04	594.292	0.04	594.292	0.01	
594.77	-0.05	594.77	0.03	594.77	0.03	594.77	0.04	594.77	0.04	594.77	0.01	
595.247	-0.05	595.247	0.03	595.247	0.02	595.247	0.04	595.247	0.04	595.247	0.01	
595.725	-0.05	595.725	0.02	595.725	0.02	595.725	0.04	595.725	0.03	595.725	0.01	
596.202	-0.05	596.202	0.02	596.202	0.02	596.202	0.04	596.202	0.03	596.202	0.01	
596.68	-0.05	596.68	0.02	596.68	0.02	596.68	0.04	596.68	0.03	596.68	0.01	
597.158	-0.05	597.158	0.02	597.158	0.02	597.158	0.04	597.158	0.03	597.158	0.01	
597.635	-0.05	597.635	0.02	597.635	0.02	597.635	0.03	597.635	0.03	597.635	0.01	
598.113	-0.05	598.113	0.02	598.113	0.02	598.113	0.03	598.113	0.03	598.113	0.01	
598.591	-0.05	598.591	0.02	598.591	0.02	598.591	0.03	598.591	0.03	598.591	0.01	
599.069	-0.05	599.069	0.02	599.069	0.02	599.069	0.03	599.069	0.03	599.069	0.01	
599.546	-0.05	599.546	0.02	599.546	0.02	599.546	0.03	599.546	0.02	599.546	0.01	
600.024	-0.05	600.024	0.02	600.024	0.02	600.024	0.03	600.024	0.02	600.024	0.01	
600.502	-0.05	600.502	0.02	600.502	0.02	600.502	0.03	600.502	0.02	600.502	0.01	
600.98	-0.05	600.98	0.02	600.98	0.02	600.98	0.03	600.98	0.02	600.98	0.01	
601.458	-0.05	601.458	0.02	601.458	0.01	601.458	0.03	601.458	0.02	601.458	0.01	
601.936	-0.05	601.936	0.02	601.936	0.01	601.936	0.03	601.936	0.02	601.936	0.01	
602.414	-0.05	602.414	0.02	602.414	0.01	602.414	0.03	602.414	0.02	602.414	0.01	
602.892	-0.05	602.892	0.02	602.892	0.01	602.892	0.03	602.892	0.02	602.892	0.01	
603.37	-0.05	603.37	0.02	603.37	0.01	603.37	0.02	603.37	0.02	603.37	0.01	
603.848	-0.05	603.848	0.02	603.848	0.01	603.848	0.02	603.848	0.02	603.848	0.01	
604.326	-0.05	604.326	0.02	604.326	0.01	604.326	0.02	604.326	0.02	604.326	0.01	
604.805	-0.05	604.805	0.02	604.805	0.01	604.805	0.02	604.805	0.02	604.805	0.01	
605.283	-0.05	605.283	0.02	605.283	0.01	605.283	0.02	605.283	0.02	605.283	0.01	
605.761	-0.05	605.761	0.02	605.761	0.01	605.761	0.02	605.761	0.01	605.761	0.01	
606.239	-0.05	606.239	0.02	606.239	0.01	606.239	0.02	606.239	0.01	606.239	0.01	
606.718	-0.05	606.718	0.02	606.718	0.01	606.718	0.02	606.718	0.01	606.718	0.01	
607.196	-0.05	607.196	0.02	607.196	0.01	607.196	0.02	607.196	0.01	607.196	0.01	
607.674	-0.05	607.674	0.02	607.674	0.01	607.674	0.02	607.674	0.01	607.674	0	
608.153	-0.05	608.153	0.02	608.153	0.01	608.153	0.02	608.153	0.01	608.153	0	
608.631	-0.05	608.631	0.02	608.631	0.01	608.631	0.02	608.631	0.01	608.631	0	
609.11	-0.05	609.11	0.01	609.11	0.01	609.11	0.02	609.11	0.01	609.11	0	
609.588	-0.05	609.588	0.01	609.588	0.01	609.588	0.02	609.588	0.01	609.588	0	
610.067	-0.05	610.067	0.01	610.067	0.01	610.067	0.02	610.067	0.01	610.067	0	
610.546	-0.05	610.546	0.01	610.546	0.01	610.546	0.02	610.546	0.01	610.546	0	
611.024	-0.05	611.024	0.01	611.024	0.01	611.024	0.02	611.024	0.01	611.024	0	
611.503	-0.05	611.503	0.01	611.503	0.01	611.503	0.02	611.503	0.01	611.503	0	
611.982	-0.05	611.982	0.01	611.982	0.01	611.982	0.02	611.982	0.01	611.982	0	
612.46	-0.05	612.46	0.01	612.46	0.01	612.46	0.02	612.46	0.01	612.46	0	
612.939	-0.05	612.939	0.01	612.939	0.01	612.939	0.02	612.939	0.01	612.939	0	
613.418	-0.05	613.418	0.01	613.418	0.01	613.418	0.02	613.418	0.01	613.418	0	
613.897	-0.05	613.897	0.01	613.897	0.01	613.897	0.02	613.897	0.01	613.897	0	
614.376	-0.05	614.376	0.01	614.376	0.01	614.376	0.02	614.376	0.01	614.376	0	
614.855	-0.05	614.855	0.01	614.855	0.01	614.855	0.02	614.855	0.01	614.855	0	
615.334	-0.05	615.334	0.01	615.334	0.01	615.334	0.02	615.334	0.01	615.334	0	
615.813	-0.05	615.813	0.01	615.813	0.01	615.813	0.02	615.813	0.01	615.813	0	
616.292	-0.05	616.292	0.01	616.292	0.01	616.292	0.02	616.292	0.01	616.292	0	
616.771	-0.05	616.771	0.01	616.771	0.01	616.771	0.02	616.771	0.01	616.771	0	
617.25	-0.05	617.25	0.01	617.25	0.01	617.25	0.02	617.25	0.01	617.25	0	
617.729	-0.05	617.729	0.01	617.729	0.01	617.729	0.02	617.729	0.01	617.729	0	
618.208	-0.05	618.208	0.01	618.208	0.01	618.208	0.02	618.208	0.01	618.208	0	
618.688	-0.05	618.688	0.01	618.688	0.01	618.688	0.02	618.688	0.01	618.688	0	
619.167	-0.05	619.167	0.01	619.167	0.01	619.167	0.02	619.167	0.01	619.167	0	
619.646	-0.05	619.646	0.01	619.646	0.01	619.646	0.02	619.646	0.01	619.646	0	
620.125	-0.05	620.125	0.01	620.125	0.01	620.125	0.02	620.125	0.01	620.125	0	
620.605	-0.05	620.605	0.01	620.605	0.01	620.605	0.02	620.605	0.01	620.605	0	
621.084	-0.05	621.084	0.01	621.084	0.01	621.084	0.02	621.084	0.01	621.084	0	
621.564	-0.05	621.564	0.01	621.564	0.01	621.564	0.02	621.564	0.01	621.564	0	
622.043	-0.05	622.043	0.01	622.043	0.01	622.043	0.02	622.043	0.01	622.043	0	
622.523	-0.05	622.523	0.01	622.523	0.01	622.523	0.02	622.523	0.01	622.523	0	
623.002	-0.05	623.002	0.01	623.002	0.01	623.002	0.02	623.002	0.01	623.002	0	
623.482	-0.05	623.482	0.01	623.482	0.01	623.482	0.02	623.482	0.01	623.482	0	
623.961	-0.05	623.961	0.01	623.961	0.01	623.961	0.02	623.961	0.01	623.961	0	
624.441	-0.05	624.441	0.01	624.441	0.01	624.441	0.02	624.441	0.01	624.441	0	
624.921	-0.05	624.921	0.01	624.921	0.01	624.921	0.02	624.921	0.01	624.921	0	
625.4	-0.05	625.4	0.01	625.4	0.01	625.4	0.01	625.4	0.01	625.4	0	
625.88	-0.05	625.88	0.01	625.88	0.01	625.88	0.01	625.88	0.01	625.88	0	
626.36	-0.05	626.36	0.01	626.36	0.01	626.36	0.01	626.36	0.01	626.36	0	
626.84	-0.05	626.84	0.01	626.84	0.01	626.84	0.01	626.84	0.01	626.84	0	
627.319	-0.05	627.319	0.01	627.319	0	627.319	0.01	627.319	0.01	627.319	0	
627.799	-0.05	627.799	0.01	627.799	0	627.799	0.01	627.799	0.01	627.799	0	
628.279	-0.05	628.279	0.01	628.279	0	628.279	0.01	628.279	0.01	628.279	0	
628.759	-0.05	628.759	0.01	628.759	0	628.759	0.01	628.759	0.01	628.759	0	
629.239	-0.05	629.239	0.01	629.239	0	629.239	0.01	629.239	0.01	629.239	0	
629.719	-0.05	629.719	0.01	629.719	0	629.719	0.01	629.719	0.01	629.719	0	
630.199	-0.05	630.199	0.01	630.199	0	630.199	0.01	630.199	0.01	630.199	0	
630.679	-0.05	630.679	0.01	630.679	0	630.679	0.01	630.679	0.01	630.679	0	
631.16	-0.05	631.16	0.01	631.16	0	631.16	0.01	631.16	0.01	631.16	0	
631.64	-0.05	631.64	0.01	631.64	0	631.64	0.01	631.64	0.01	631.64	0	
632.12	-0.05	632.12	0.01	632.12	0	632.12	0.01	632.12	0.01	632.12	0	
632.6	-0.05	632.6	0.01	632.6	0	632.6	0.01	632.6	0.01	632.6	0	
633.08	-0.05	633.08	0.01	633.08	0	633.08	0.01	633.08	0.01	633.08	0	
633.561	-0.05	633.561	0.01	633.561	0	633.561	0.01	633.561	0.01	633.561	0	
634.041	-0.05	634.041	0.01	634.041	0	634.041	0.01	634.041	0.01	634.041	0	
634.521	-0.05	634.521	0.01	634.521	0	634.521	0.01	634.521	0.01	634.521	0	
635.002	-0.05	635.002	0.01	635.002	0	635.002	0.01	635.002	0.01	635.002	0	
635.482	-0.05	635.482	0.01	635.482	0	635.482	0.01	635.482	0.01	635.482	0	
635.963	-0.05	635.963	0.01	635.963	0	635.963	0.01	635.963	0.01	635.963	0	
636.443	-0.05	636.443	0.01	636.443	0	636.443	0.01	636.443	0.01	636.443	0	
636.924	-0.05	636.924	0.01	636.924	0	636.924	0.01	636.924	0.01	636.924	0	
637.404	-0.05	637.404	0.01	637.404	0	637.404	0.01	637.404	0.01	637.404	0	
637.885	-0.05	637.885	0.01	637.885	0	637.885	0.01	637.885	0.01	637.885	0	
638.366	-0.05	638.366	0.01	638.366	0	638.366	0.01	638.366	0.01	638.366	0	
638.846	-0.05	638.846	0.01	638.846	0	638.846	0.01	638.846	0.01	638.846	0	
639.327	-0.05	639.327	0.01	639.327	0	639.327	0.01	639.327	0	639.327	0	
639.808	-0.05	639.808	0.01	639.808	0	639.808	0.01	639.808	0	639.808	0	
640.289	-0.05	640.289	0.01	640.289	0	640.289	0.01	640.289	0	640.289	0	
640.77	-0.05	640.77	0.01	640.77	0	640.77	0.01	640.77	0	640.77	0	
641.25	-0.05	641.25	0.01	641.25	0	641.25	0.01	641.25	0	641.25	0	
641.731	-0.05	641.731	0.01	641.731	0	641.731	0.01	641.731	0	641.731	0	
642.212	-0.05	642.212	0.01	642.212	0	642.212	0.01	642.212	0	642.212	0	
642.693	-0.05	642.693	0.01	642.693	0	642.693	0.01	642.693	0	642.693	0	
643.174	-0.05	643.174	0.01	643.174	0	643.174	0.01	643.174	0	643.174	0	
643.655	-0.05	643.655	0.01	643.655	0	643.655	0.01	643.655	0	643.655	0	
644.136	-0.05	644.136	0.01	644.136	0	644.136	0.01	644.136	0	644.136	0	
644.617	-0.05	644.617	0.01	644.617	0	644.617	0.01	644.617	0	644.617	0	
645.099	-0.05	645.099	0.01	645.099	0	645.099	0.01	645.099	0	645.099	0	
645.58	-0.05	645.58	0.01	645.58	0	645.58	0.01	645.58	0	645.58	0	
646.061	-0.05	646.061	0.01	646.061	0	646.061	0.01	646.061	0	646.061	0	
646.542	-0.05	646.542	0.01	646.542	0	646.542	0.01	646.542	0	646.542	0	
647.024	-0.05	647.024	0.01	647.024	0	647.024	0.01	647.024	0	647.024	0	
647.505	-0.05	647.505	0.01	647.505	0	647.505	0.01	647.505	0	647.505	0	
647.986	-0.05	647.986	0.01	647.986	0	647.986	0.01	647.986	0	647.986	0	
648.468	-0.05	648.468	0.01	648.468	0	648.468	0.01	648.468	0	648.468	0	
648.949	-0.05	648.949	0.01	648.949	0	648.949	0.01	648.949	0	648.949	0	
649.43	-0.05	649.43	0.01	649.43	0	649.43	0.01	649.43	0	649.43	0	
649.912	-0.05	649.912	0.01	649.912	0	649.912	0.01	649.912	0	649.912	0	
650.394	-0.05	650.394	0.01	650.394	0	650.394	0.01	650.394	0	650.394	0	
650.875	-0.05	650.875	0.01	650.875	0	650.875	0.01	650.875	0	650.875	0	
651.357	-0.05	651.357	0.01	651.357	0	651.357	0.01	651.357	0	651.357	0	
651.838	-0.05	651.838	0.01	651.838	0	651.838	0.01	651.838	0	651.838	0	
652.32	-0.05	652.32	0.01	652.32	0	652.32	0.01	652.32	0	652.32	0	
652.802	-0.05	652.802	0.01	652.802	0	652.802	0.01	652.802	0	652.802	0	
653.283	-0.05	653.283	0.01	653.283	0	653.283	0.01	653.283	0	653.283	0	
653.765	-0.05	653.765	0.01	653.765	0	653.765	0.01	653.765	0	653.765	0	
654.247	-0.05	654.247	0.01	654.247	0	654.247	0.01	654.247	0	654.247	0	
654.729	-0.05	654.729	0.01	654.729	0	654.729	0.01	654.729	0	654.729	0	
655.211	-0.05	655.211	0.01	655.211	0	655.211	0.01	655.211	0	655.211	0	
655.693	-0.05	655.693	0.01	655.693	0	655.693	0.01	655.693	0	655.693	0	
656.175	-0.05	656.175	0.01	656.175	0	656.175	0.01	656.175	0	656.175	0	
656.657	-0.05	656.657	0.01	656.657	0	656.657	0.01	656.657	0	656.657	0	
657.139	-0.05	657.139	0.01	657.139	0	657.139	0.01	657.139	0	657.139	0	
657.621	-0.05	657.621	0.01	657.621	0	657.621	0.01	657.621	0	657.621	0	
658.103	-0.05	658.103	0.01	658.103	0	658.103	0.01	658.103	0	658.103	0	
658.585	-0.05	658.585	0.01	658.585	0	658.585	0.01	658.585	0	658.585	0	
659.067	-0.05	659.067	0.01	659.067	0	659.067	0.01	659.067	0	659.067	0	
659.549	-0.05	659.549	0.01	659.549	0	659.549	0.01	659.549	0	659.549	0	
660.031	-0.05	660.031	0.01	660.031	0	660.031	0.01	660.031	0	660.031	0	
660.514	-0.05	660.514	0.01	660.514	0	660.514	0.01	660.514	0	660.514	0	
660.996	-0.05	660.996	0.01	660.996	0	660.996	0.01	660.996	0	660.996	0	
661.478	-0.05	661.478	0.01	661.478	0	661.478	0.01	661.478	0	661.478	0	
661.961	-0.05	661.961	0.01	661.961	0	661.961	0.01	661.961	0	661.961	0	
662.443	-0.05	662.443	0.01	662.443	0	662.443	0.01	662.443	0	662.443	0	
662.926	-0.05	662.926	0.01	662.926	0	662.926	0.01	662.926	0	662.926	0	
663.408	-0.05	663.408	0.01	663.408	0	663.408	0.01	663.408	0	663.408	0	
663.891	-0.05	663.891	0.01	663.891	0	663.891	0.01	663.891	0	663.891	0	
664.373	-0.05	664.373	0.01	664.373	0	664.373	0.01	664.373	0	664.373	0	
664.856	-0.05	664.856	0.01	664.856	0	664.856	0.01	664.856	0	664.856	0	
665.338	-0.05	665.338	0.01	665.338	0	665.338	0.01	665.338	0	665.338	0	
665.821	-0.05	665.821	0.01	665.821	0	665.821	0.01	665.821	0	665.821	0	
666.304	-0.05	666.304	0.01	666.304	0	666.304	0.01	666.304	0	666.304	0	
666.786	-0.05	666.786	0.01	666.786	0	666.786	0.01	666.786	0	666.786	0	
667.269	-0.05	667.269	0.01	667.269	0	667.269	0.01	667.269	0	667.269	0	
667.752	-0.05	667.752	0.01	667.752	0	667.752	0.01	667.752	0	667.752	0	
668.235	-0.05	668.235	0.01	668.235	0	668.235	0.01	668.235	0	668.235	0	
668.718	-0.05	668.718	0.01	668.718	0	668.718	0.01	668.718	0	668.718	0	
669.2	-0.05	669.2	0.01	669.2	0	669.2	0.01	669.2	0	669.2	0	
669.683	-0.05	669.683	0.01	669.683	0	669.683	0.01	669.683	0	669.683	0	
670.166	-0.05	670.166	0.01	670.166	0	670.166	0.01	670.166	0	670.166	0	
670.649	-0.05	670.649	0.01	670.649	0	670.649	0.01	670.649	0	670.649	0	
671.132	-0.05	671.132	0.01	671.132	0	671.132	0.01	671.132	0	671.132	0	
671.615	-0.05	671.615	0.01	671.615	0	671.615	0.01	671.615	0	671.615	0	
672.099	-0.05	672.099	0.01	672.099	0	672.099	0.01	672.099	0	672.099	0	
672.582	-0.05	672.582	0.01	672.582	0	672.582	0.01	672.582	0	672.582	0	
673.065	-0.05	673.065	0.01	673.065	0	673.065	0.01	673.065	0	673.065	0	
673.548	-0.05	673.548	0.01	673.548	0	673.548	0.01	673.548	0	673.548	0	
674.031	-0.05	674.031	0.01	674.031	0	674.031	0.01	674.031	0	674.031	0	
674.515	-0.05	674.515	0.01	674.515	0	674.515	0.01	674.515	0	674.515	0	
674.998	-0.05	674.998	0.01	674.998	0	674.998	0.01	674.998	0	674.998	0	
675.481	-0.05	675.481	0.01	675.481	0	675.481	0.01	675.481	0	675.481	0	
675.965	-0.05	675.965	0.01	675.965	0	675.965	0.01	675.965	0	675.965	0	
676.448	-0.05	676.448	0.01	676.448	0	676.448	0.01	676.448	0	676.448	0	
676.931	-0.05	676.931	0.01	676.931	0	676.931	0.01	676.931	0	676.931	0	
677.415	-0.05	677.415	0.01	677.415	0	677.415	0.01	677.415	0	677.415	0	
677.898	-0.05	677.898	0.01	677.898	0	677.898	0.01	677.898	0	677.898	0	
678.382	-0.05	678.382	0.01	678.382	0	678.382	0.01	678.382	0	678.382	0	
678.866	-0.05	678.866	0.01	678.866	0	678.866	0.01	678.866	0	678.866	0	
679.349	-0.05	679.349	0.01	679.349	0	679.349	0.01	679.349	0	679.349	0	
679.833	-0.05	679.833	0.01	679.833	0	679.833	0.01	679.833	0	679.833	0	
680.317	-0.05	680.317	0.01	680.317	0	680.317	0.01	680.317	0	680.317	0	
680.8	-0.05	680.8	0.01	680.8	0	680.8	0.01	680.8	0	680.8	0	
681.284	-0.05	681.284	0.01	681.284	0	681.284	0.01	681.284	0	681.284	0	
681.768	-0.05	681.768	0.01	681.768	0	681.768	0.01	681.768	0	681.768	0	
682.252	-0.05	682.252	0.01	682.252	0	682.252	0.01	682.252	0	682.252	0	
682.736	-0.05	682.736	0.01	682.736	0	682.736	0.01	682.736	0	682.736	0	
683.219	-0.05	683.219	0.01	683.219	0	683.219	0.01	683.219	0	683.219	0	
683.703	-0.05	683.703	0.01	683.703	0	683.703	0.01	683.703	0.01	683.703	0	
684.187	-0.05	684.187	0.01	684.187	0	684.187	0.01	684.187	0.01	684.187	0	
684.671	-0.05	684.671	0.01	684.671	0	684.671	0.01	684.671	0.01	684.671	0	
685.155	-0.05	685.155	0.01	685.155	0	685.155	0.01	685.155	0.01	685.155	0	
685.639	-0.05	685.639	0.01	685.639	0	685.639	0.01	685.639	0.01	685.639	0	
686.124	-0.05	686.124	0.01	686.124	0	686.124	0.01	686.124	0.01	686.124	0	
686.608	-0.05	686.608	0.01	686.608	0	686.608	0.01	686.608	0.01	686.608	0	
687.092	-0.05	687.092	0.01	687.092	0	687.092	0.01	687.092	0.01	687.092	0	
687.576	-0.05	687.576	0.01	687.576	0	687.576	0.01	687.576	0.01	687.576	0	
688.06	-0.05	688.06	0.01	688.06	0	688.06	0.01	688.06	0.01	688.06	0	
688.545	-0.05	688.545	0.01	688.545	0	688.545	0.01	688.545	0.01	688.545	0	
689.029	-0.05	689.029	0.01	689.029	0	689.029	0.01	689.029	0.01	689.029	0	
689.513	-0.05	689.513	0.01	689.513	0	689.513	0.01	689.513	0.01	689.513	0	
689.998	-0.05	689.998	0.01	689.998	0	689.998	0.01	689.998	0.01	689.998	0	
690.482	-0.05	690.482	0.01	690.482	0	690.482	0.01	690.482	0.01	690.482	0	
690.967	-0.05	690.967	0.01	690.967	0	690.967	0.01	690.967	0.01	690.967	0	
691.451	-0.05	691.451	0.01	691.451	0	691.451	0.01	691.451	0.01	691.451	0	
691.936	-0.05	691.936	0.01	691.936	0	691.936	0.01	691.936	0.01	691.936	0	
692.42	-0.05	692.42	0.01	692.42	0	692.42	0.01	692.42	0.01	692.42	0	
692.905	-0.05	692.905	0.01	692.905	0	692.905	0.01	692.905	0.01	692.905	0	
693.389	-0.05	693.389	0.01	693.389	0	693.389	0.01	693.389	0.01	693.389	0	
693.874	-0.05	693.874	0.01	693.874	0	693.874	0.01	693.874	0.01	693.874	0	
694.359	-0.05	694.359	0.01	694.359	0	694.359	0.01	694.359	0.01	694.359	0	
694.843	-0.05	694.843	0.01	694.843	0	694.843	0.01	694.843	0.01	694.843	0	
695.328	-0.05	695.328	0.01	695.328	0	695.328	0.01	695.328	0.01	695.328	0	
695.813	-0.05	695.813	0.01	695.813	0	695.813	0.01	695.813	0.01	695.813	0	
696.298	-0.05	696.298	0.01	696.298	0	696.298	0.01	696.298	0.01	696.298	0	
696.783	-0.05	696.783	0.01	696.783	0	696.783	0.01	696.783	0.01	696.783	0	
697.268	-0.05	697.268	0.01	697.268	0	697.268	0.01	697.268	0.01	697.268	0	
697.753	-0.05	697.753	0.01	697.753	0	697.753	0.01	697.753	0.01	697.753	0	
698.238	-0.05	698.238	0.01	698.238	0	698.238	0.01	698.238	0.01	698.238	0	
698.723	-0.05	698.723	0.01	698.723	0	698.723	0.01	698.723	0.01	698.723	0	
699.208	-0.05	699.208	0.01	699.208	0	699.208	0.01	699.208	0.01	699.208	0	
699.693	-0.05	699.693	0.01	699.693	0	699.693	0.01	699.693	0.01	699.693	0	
700.178	-0.05	700.178	0.01	700.178	0	700.178	0.01	700.178	0.01	700.178	0	
700.663	-0.05	700.663	0.01	700.663	0	700.663	0.01	700.663	0.01	700.663	0	
701.148	-0.05	701.148	0.01	701.148	0	701.148	0.01	701.148	0.01	701.148	0	
701.633	-0.05	701.633	0.01	701.633	0	701.633	0.01	701.633	0.01	701.633	0	
702.119	-0.05	702.119	0.01	702.119	0	702.119	0.01	702.119	0.01	702.119	0	
702.604	-0.05	702.604	0.01	702.604	0	702.604	0.01	702.604	0.01	702.604	0	
703.089	-0.05	703.089	0.01	703.089	0	703.089	0.01	703.089	0.01	703.089	0	
703.574	-0.05	703.574	0.01	703.574	0	703.574	0.01	703.574	0.01	703.574	0	
704.06	-0.05	704.06	0.01	704.06	0	704.06	0.01	704.06	0.01	704.06	0	
704.545	-0.05	704.545	0.01	704.545	0	704.545	0.01	704.545	0.01	704.545	0	
705.031	-0.05	705.031	0.01	705.031	0	705.031	0.01	705.031	0.01	705.031	0	
705.516	-0.05	705.516	0.01	705.516	0	705.516	0.01	705.516	0.01	705.516	0	
706.002	-0.05	706.002	0.01	706.002	0	706.002	0.01	706.002	0.01	706.002	0	
706.487	-0.05	706.487	0.01	706.487	0	706.487	0.01	706.487	0.01	706.487	0	
706.973	-0.05	706.973	0.01	706.973	0	706.973	0.01	706.973	0.01	706.973	0	
707.459	-0.05	707.459	0.01	707.459	0	707.459	0.01	707.459	0.01	707.459	0	
707.944	-0.05	707.944	0.01	707.944	0	707.944	0.01	707.944	0.01	707.944	0	
708.43	-0.05	708.43	0.01	708.43	0	708.43	0.01	708.43	0.01	708.43	0	
708.916	-0.05	708.916	0.01	708.916	0	708.916	0.01	708.916	0.01	708.916	0	
709.401	-0.05	709.401	0.01	709.401	0	709.401	0.01	709.401	0.01	709.401	0	
709.887	-0.05	709.887	0.01	709.887	0	709.887	0.01	709.887	0.01	709.887	0	
710.373	-0.05	710.373	0.01	710.373	0	710.373	0.01	710.373	0.01	710.373	0	
710.859	-0.05	710.859	0.01	710.859	0	710.859	0.01	710.859	0.01	710.859	0	
711.345	-0.05	711.345	0.01	711.345	0	711.345	0.01	711.345	0.01	711.345	0	
711.831	-0.05	711.831	0.01	711.831	0	711.831	0.01	711.831	0.01	711.831	0	
712.317	-0.05	712.317	0.01	712.317	0	712.317	0.01	712.317	0.01	712.317	0	
712.803	-0.05	712.803	0.01	712.803	0	712.803	0.01	712.803	0.01	712.803	0	
713.289	-0.05	713.289	0.01	713.289	0	713.289	0.01	713.289	0.01	713.289	0	
713.775	-0.05	713.775	0.01	713.775	0	713.775	0.01	713.775	0.01	713.775	0	
714.261	-0.05	714.261	0.01	714.261	0	714.261	0.01	714.261	0.01	714.261	0	
714.747	-0.05	714.747	0.01	714.747	0	714.747	0.01	714.747	0.01	714.747	0	
715.233	-0.05	715.233	0.01	715.233	0	715.233	0.01	715.233	0.01	715.233	0	
715.719	-0.06	715.719	0.01	715.719	0	715.719	0.01	715.719	0.01	715.719	0	
716.206	-0.06	716.206	0.01	716.206	0	716.206	0.01	716.206	0.01	716.206	0	
716.692	-0.06	716.692	0.01	716.692	0	716.692	0.01	716.692	0.01	716.692	0	
717.178	-0.06	717.178	0.01	717.178	0	717.178	0.01	717.178	0.01	717.178	0	
717.665	-0.06	717.665	0.01	717.665	0	717.665	0.01	717.665	0.01	717.665	0	
718.151	-0.06	718.151	0.01	718.151	0	718.151	0.01	718.151	0.01	718.151	0	
718.637	-0.06	718.637	0.01	718.637	0	718.637	0.01	718.637	0.01	718.637	0	
719.124	-0.06	719.124	0.01	719.124	0	719.124	0.01	719.124	0.01	719.124	0	
719.61	-0.06	719.61	0.01	719.61	0	719.61	0.01	719.61	0.01	719.61	0	
720.097	-0.06	720.097	0.01	720.097	0	720.097	0.01	720.097	0.01	720.097	0	
720.583	-0.06	720.583	0.01	720.583	0	720.583	0.01	720.583	0.01	720.583	0	
721.07	-0.06	721.07	0.01	721.07	0	721.07	0.01	721.07	0.01	721.07	0	
721.557	-0.06	721.557	0.01	721.557	0	721.557	0.01	721.557	0.01	721.557	0	
722.043	-0.06	722.043	0.01	722.043	0	722.043	0.01	722.043	0.01	722.043	0	
722.53	-0.06	722.53	0.01	722.53	0	722.53	0.01	722.53	0.01	722.53	0	
723.017	-0.06	723.017	0.01	723.017	0	723.017	0.01	723.017	0.01	723.017	0	
723.504	-0.06	723.504	0.01	723.504	0	723.504	0.01	723.504	0.01	723.504	0	
723.99	-0.06	723.99	0.01	723.99	0	723.99	0.01	723.99	0.01	723.99	0	
724.477	-0.06	724.477	0.01	724.477	0	724.477	0.01	724.477	0.01	724.477	0	
724.964	-0.06	724.964	0.01	724.964	0	724.964	0.01	724.964	0.01	724.964	0	
725.451	-0.06	725.451	0.01	725.451	0	725.451	0.01	725.451	0.01	725.451	0	
725.938	-0.06	725.938	0.01	725.938	0	725.938	0.01	725.938	0.01	725.938	0	
726.425	-0.06	726.425	0.01	726.425	0	726.425	0.01	726.425	0.01	726.425	0	
726.912	-0.06	726.912	0.01	726.912	0	726.912	0.01	726.912	0.01	726.912	0	
727.399	-0.06	727.399	0.01	727.399	0	727.399	0.01	727.399	0.01	727.399	0	
727.886	-0.06	727.886	0.01	727.886	0	727.886	0.01	727.886	0.01	727.886	0	
728.373	-0.06	728.373	0.01	728.373	0	728.373	0.01	728.373	0.01	728.373	0	
728.86	-0.06	728.86	0.01	728.86	0	728.86	0.01	728.86	0.01	728.86	0	
729.347	-0.06	729.347	0.01	729.347	0	729.347	0.01	729.347	0.01	729.347	0	
729.835	-0.06	729.835	0.01	729.835	0	729.835	0.01	729.835	0.01	729.835	0	
730.322	-0.06	730.322	0.01	730.322	0	730.322	0.01	730.322	0.01	730.322	0	
730.809	-0.06	730.809	0.01	730.809	0	730.809	0.01	730.809	0.01	730.809	0	
731.296	-0.06	731.296	0.01	731.296	0	731.296	0.01	731.296	0.01	731.296	0	
731.784	-0.06	731.784	0.01	731.784	0	731.784	0.01	731.784	0.01	731.784	0	
732.271	-0.06	732.271	0.01	732.271	0	732.271	0.01	732.271	0.01	732.271	0	
732.759	-0.06	732.759	0.01	732.759	0	732.759	0.01	732.759	0.01	732.759	0	
733.246	-0.06	733.246	0.01	733.246	0	733.246	0.01	733.246	0.01	733.246	0	
733.734	-0.06	733.734	0.01	733.734	0	733.734	0.01	733.734	0.01	733.734	0	
734.221	-0.06	734.221	0.01	734.221	0	734.221	0.01	734.221	0.01	734.221	0	
734.709	-0.06	734.709	0.01	734.709	0	734.709	0.01	734.709	0.01	734.709	0	
735.196	-0.06	735.196	0.01	735.196	0	735.196	0.01	735.196	0.01	735.196	0	
735.684	-0.06	735.684	0.01	735.684	0	735.684	0.01	735.684	0.01	735.684	0	
736.171	-0.06	736.171	0.01	736.171	0	736.171	0.01	736.171	0.01	736.171	0	
736.659	-0.06	736.659	0.01	736.659	0	736.659	0.01	736.659	0.01	736.659	0	
737.147	-0.06	737.147	0.01	737.147	0	737.147	0.01	737.147	0.01	737.147	0	
737.635	-0.06	737.635	0.01	737.635	0	737.635	0.01	737.635	0.01	737.635	0	
738.122	-0.06	738.122	0.01	738.122	0	738.122	0.01	738.122	0.01	738.122	0	
738.61	-0.06	738.61	0.01	738.61	0	738.61	0.01	738.61	0.01	738.61	0	
739.098	-0.06	739.098	0.01	739.098	0	739.098	0.01	739.098	0.01	739.098	0	
739.586	-0.06	739.586	0.01	739.586	0	739.586	0.01	739.586	0.01	739.586	0	
740.074	-0.06	740.074	0.01	740.074	0	740.074	0.01	740.074	0.01	740.074	0	
740.562	-0.06	740.562	0.01	740.562	0	740.562	0.01	740.562	0.01	740.562	0	
741.05	-0.06	741.05	0.01	741.05	0	741.05	0.01	741.05	0.01	741.05	0	
741.538	-0.06	741.538	0.01	741.538	0	741.538	0.01	741.538	0.01	741.538	0	
742.026	-0.06	742.026	0.01	742.026	0	742.026	0.01	742.026	0.01	742.026	0	
742.514	-0.06	742.514	0.01	742.514	0	742.514	0.01	742.514	0.01	742.514	0	
743.002	-0.06	743.002	0.01	743.002	0	743.002	0.01	743.002	0.01	743.002	0	
743.49	-0.06	743.49	0.01	743.49	0	743.49	0.01	743.49	0.01	743.49	0	
743.979	-0.06	743.979	0.01	743.979	0	743.979	0.01	743.979	0.01	743.979	0	
744.467	-0.06	744.467	0.01	744.467	0	744.467	0.01	744.467	0.01	744.467	0	
744.955	-0.06	744.955	0.01	744.955	0	744.955	0.01	744.955	0.01	744.955	0	
745.443	-0.06	745.443	0.01	745.443	0	745.443	0.01	745.443	0.01	745.443	0	
745.932	-0.06	745.932	0.01	745.932	0	745.932	0.01	745.932	0.01	745.932	0	
746.42	-0.06	746.42	0.01	746.42	0	746.42	0.01	746.42	0.01	746.42	0	
746.909	-0.06	746.909	0.01	746.909	0	746.909	0.01	746.909	0.01	746.909	0	
747.397	-0.06	747.397	0.01	747.397	0	747.397	0.01	747.397	0.01	747.397	0	
747.885	-0.06	747.885	0.01	747.885	0	747.885	0.01	747.885	0.01	747.885	0	
748.374	-0.06	748.374	0.01	748.374	0	748.374	0.01	748.374	0.01	748.374	0	
748.862	-0.06	748.862	0.01	748.862	0	748.862	0.01	748.862	0.01	748.862	0	
749.351	-0.06	749.351	0.01	749.351	0	749.351	0.01	749.351	0.01	749.351	0	
749.84	-0.06	749.84	0.01	749.84	0	749.84	0.01	749.84	0.01	749.84	0	
750.328	-0.06	750.328	0.01	750.328	0	750.328	0.01	750.328	0.01	750.328	0	
750.817	-0.06	750.817	0.01	750.817	0	750.817	0.01	750.817	0.01	750.817	0	
751.306	-0.06	751.306	0.01	751.306	0	751.306	0.01	751.306	0.01	751.306	0	
751.794	-0.06	751.794	0.01	751.794	0	751.794	0.01	751.794	0.01	751.794	0	
752.283	-0.06	752.283	0.01	752.283	0	752.283	0.01	752.283	0.01	752.283	0	
752.772	-0.06	752.772	0.01	752.772	0	752.772	0.01	752.772	0.01	752.772	0	
753.261	-0.06	753.261	0.01	753.261	0	753.261	0.01	753.261	0.01	753.261	0	
753.75	-0.06	753.75	0.01	753.75	0	753.75	0.01	753.75	0.01	753.75	0	
754.239	-0.06	754.239	0.01	754.239	0	754.239	0.01	754.239	0.01	754.239	0	
754.728	-0.06	754.728	0.01	754.728	0	754.728	0.01	754.728	0.01	754.728	0	
755.217	-0.06	755.217	0.01	755.217	0	755.217	0.01	755.217	0.01	755.217	0	
755.706	-0.06	755.706	0.01	755.706	0	755.706	0.01	755.706	0.01	755.706	0	
756.195	-0.06	756.195	0.01	756.195	0	756.195	0.01	756.195	0.01	756.195	0	
756.684	-0.06	756.684	0.01	756.684	0	756.684	0.01	756.684	0.01	756.684	0	
757.173	-0.06	757.173	0.01	757.173	0	757.173	0.01	757.173	0.01	757.173	0	
757.662	-0.06	757.662	0.01	757.662	0	757.662	0.01	757.662	0.01	757.662	0	
758.151	-0.06	758.151	0.01	758.151	0	758.151	0.01	758.151	0.01	758.151	0	
758.641	-0.06	758.641	0.01	758.641	0	758.641	0.01	758.641	0.01	758.641	0	
759.13	-0.06	759.13	0.01	759.13	0	759.13	0.01	759.13	0.01	759.13	0	
759.619	-0.06	759.619	0.01	759.619	0.01	759.619	0.01	759.619	0.01	759.619	0	
760.108	-0.06	760.108	0.01	760.108	0.01	760.108	0.01	760.108	0.01	760.108	0	
760.598	-0.06	760.598	0.01	760.598	0.01	760.598	0.01	760.598	0.01	760.598	0	
761.087	-0.06	761.087	0.01	761.087	0.01	761.087	0.01	761.087	0.01	761.087	0	
761.577	-0.06	761.577	0.01	761.577	0.01	761.577	0.01	761.577	0.01	761.577	0	
762.066	-0.06	762.066	0.01	762.066	0.01	762.066	0.01	762.066	0.01	762.066	0	
762.556	-0.06	762.556	0.01	762.556	0.01	762.556	0.01	762.556	0.01	762.556	0	
763.045	-0.06	763.045	0.01	763.045	0.01	763.045	0.01	763.045	0.01	763.045	0	
763.535	-0.06	763.535	0.01	763.535	0.01	763.535	0.01	763.535	0.01	763.535	0	
764.024	-0.06	764.024	0.01	764.024	0.01	764.024	0.01	764.024	0.01	764.024	0	
764.514	-0.06	764.514	0.01	764.514	0.01	764.514	0.01	764.514	0.01	764.514	0	
765.004	-0.06	765.004	0.01	765.004	0.01	765.004	0.01	765.004	0.01	765.004	0	
765.493	-0.06	765.493	0.01	765.493	0.01	765.493	0.01	765.493	0.01	765.493	0	
765.983	-0.06	765.983	0.01	765.983	0.01	765.983	0.01	765.983	0.01	765.983	0	
766.473	-0.06	766.473	0.01	766.473	0.01	766.473	0.01	766.473	0.01	766.473	0	
766.963	-0.06	766.963	0.01	766.963	0	766.963	0.01	766.963	0.01	766.963	0	
767.452	-0.06	767.452	0.01	767.452	0	767.452	0.01	767.452	0.01	767.452	0	
767.942	-0.06	767.942	0.01	767.942	0	767.942	0.01	767.942	0.01	767.942	0	
768.432	-0.06	768.432	0.01	768.432	0	768.432	0.01	768.432	0.01	768.432	0	
768.922	-0.06	768.922	0.01	768.922	0	768.922	0.01	768.922	0.01	768.922	0	
769.412	-0.06	769.412	0.01	769.412	0	769.412	0.01	769.412	0.01	769.412	0	
769.902	-0.06	769.902	0.01	769.902	0	769.902	0.01	769.902	0.01	769.902	0	
770.392	-0.06	770.392	0.01	770.392	0	770.392	0.01	770.392	0.01	770.392	0	
770.882	-0.06	770.882	0.01	770.882	0	770.882	0.01	770.882	0.01	770.882	0	
771.372	-0.06	771.372	0.01	771.372	0	771.372	0.01	771.372	0.01	771.372	0	
771.862	-0.06	771.862	0.01	771.862	0	771.862	0.01	771.862	0.01	771.862	0	
772.353	-0.06	772.353	0.01	772.353	0	772.353	0.01	772.353	0.01	772.353	0	
772.843	-0.06	772.843	0.01	772.843	0	772.843	0.01	772.843	0.01	772.843	0	
773.333	-0.06	773.333	0.01	773.333	0	773.333	0.01	773.333	0.01	773.333	0	
773.823	-0.06	773.823	0.01	773.823	0	773.823	0.01	773.823	0.01	773.823	0	
774.314	-0.06	774.314	0.01	774.314	0	774.314	0.01	774.314	0.01	774.314	0	
774.804	-0.06	774.804	0.01	774.804	0	774.804	0.01	774.804	0.01	774.804	0	
775.294	-0.06	775.294	0.01	775.294	0	775.294	0.01	775.294	0.01	775.294	0	
775.785	-0.06	775.785	0.01	775.785	0	775.785	0.01	775.785	0.01	775.785	0	
776.275	-0.06	776.275	0.01	776.275	0	776.275	0.01	776.275	0.01	776.275	0	
776.766	-0.06	776.766	0.01	776.766	0	776.766	0.01	776.766	0.01	776.766	0	
777.256	-0.06	777.256	0.01	777.256	0	777.256	0.01	777.256	0.01	777.256	0	
777.747	-0.06	777.747	0.01	777.747	0	777.747	0.01	777.747	0.01	777.747	0	
778.237	-0.06	778.237	0.01	778.237	0	778.237	0.01	778.237	0.01	778.237	0	
778.728	-0.06	778.728	0.01	778.728	0	778.728	0.01	778.728	0.01	778.728	0	
779.219	-0.06	779.219	0.01	779.219	0	779.219	0.01	779.219	0.01	779.219	0	
779.709	-0.06	779.709	0.01	779.709	0	779.709	0.01	779.709	0.01	779.709	0	
780.2	-0.06	780.2	0.01	780.2	0	780.2	0.01	780.2	0.01	780.2	0	
780.691	-0.06	780.691	0.01	780.691	0	780.691	0.01	780.691	0.01	780.691	0	
781.182	-0.06	781.182	0.01	781.182	0.01	781.182	0.01	781.182	0.01	781.182	0	
781.672	-0.06	781.672	0.01	781.672	0.01	781.672	0.01	781.672	0.01	781.672	0	
782.163	-0.06	782.163	0.01	782.163	0.01	782.163	0.01	782.163	0.01	782.163	0	
782.654	-0.06	782.654	0.01	782.654	0.01	782.654	0.01	782.654	0.01	782.654	0	
783.145	-0.06	783.145	0.01	783.145	0.01	783.145	0.01	783.145	0.01	783.145	0	
783.636	-0.06	783.636	0.01	783.636	0.01	783.636	0.01	783.636	0.01	783.636	0	
784.127	-0.06	784.127	0.01	784.127	0	784.127	0.01	784.127	0.01	784.127	0	
784.618	-0.06	784.618	0.01	784.618	0	784.618	0.01	784.618	0.01	784.618	0	
785.109	-0.06	785.109	0.01	785.109	0	785.109	0.01	785.109	0.01	785.109	0	
785.6	-0.06	785.6	0.01	785.6	0	785.6	0.01	785.6	0.01	785.6	0	
786.091	-0.06	786.091	0.01	786.091	0	786.091	0.01	786.091	0.01	786.091	0	
786.583	-0.06	786.583	0.01	786.583	0	786.583	0.01	786.583	0.01	786.583	0	
787.074	-0.06	787.074	0.01	787.074	0	787.074	0.01	787.074	0.01	787.074	0	
787.565	-0.06	787.565	0.01	787.565	0	787.565	0.01	787.565	0.01	787.565	0	
788.056	-0.06	788.056	0.01	788.056	0	788.056	0.01	788.056	0.01	788.056	0	
788.548	-0.06	788.548	0.01	788.548	0	788.548	0.01	788.548	0.01	788.548	0	
789.039	-0.06	789.039	0.01	789.039	0	789.039	0.01	789.039	0.01	789.039	0	
789.53	-0.06	789.53	0.01	789.53	0	789.53	0.01	789.53	0.01	789.53	0	
790.022	-0.06	790.022	0.01	790.022	0	790.022	0.01	790.022	0.01	790.022	0	
790.513	-0.06	790.513	0.01	790.513	0	790.513	0.01	790.513	0.01	790.513	0	
791.005	-0.06	791.005	0.01	791.005	0	791.005	0.01	791.005	0.01	791.005	0	
791.496	-0.06	791.496	0.01	791.496	0	791.496	0.01	791.496	0.01	791.496	0	
791.988	-0.06	791.988	0.01	791.988	0	791.988	0.01	791.988	0.01	791.988	0	
792.479	-0.06	792.479	0.01	792.479	0	792.479	0.01	792.479	0.01	792.479	0	
792.971	-0.06	792.971	0.01	792.971	0.01	792.971	0.01	792.971	0.01	792.971	0	
793.462	-0.06	793.462	0.01	793.462	0.01	793.462	0.01	793.462	0.01	793.462	0	
793.954	-0.06	793.954	0.01	793.954	0.01	793.954	0.01	793.954	0.01	793.954	0	
794.446	-0.06	794.446	0.01	794.446	0.01	794.446	0.01	794.446	0.01	794.446	0	
794.937	-0.06	794.937	0.01	794.937	0.01	794.937	0.01	794.937	0.01	794.937	0.01	
795.429	-0.06	795.429	0.01	795.429	0.01	795.429	0.01	795.429	0.01	795.429	0.01	
795.921	-0.06	795.921	0.01	795.921	0.01	795.921	0.01	795.921	0.01	795.921	0.01	
796.413	-0.06	796.413	0.01	796.413	0.01	796.413	0.01	796.413	0.01	796.413	0.01	
796.905	-0.06	796.905	0.01	796.905	0.01	796.905	0.01	796.905	0.01	796.905	0	
797.397	-0.06	797.397	0.01	797.397	0.01	797.397	0.01	797.397	0.01	797.397	0	
797.889	-0.06	797.889	0.01	797.889	0	797.889	0.01	797.889	0.01	797.889	0	
798.381	-0.06	798.381	0.01	798.381	0	798.381	0.01	798.381	0.01	798.381	0	
798.873	-0.06	798.873	0.01	798.873	0	798.873	0.01	798.873	0.01	798.873	0	
799.365	-0.06	799.365	0.01	799.365	0	799.365	0.01	799.365	0.01	799.365	0	
799.857	-0.06	799.857	0.01	799.857	0	799.857	0.01	799.857	0.01	799.857	0	
800.349	-0.06	800.349	0.01	800.349	0	800.349	0.01	800.349	0.01	800.349	0	
800.841	-0.06	800.841	0.01	800.841	0	800.841	0.01	800.841	0.01	800.841	0	
801.333	-0.06	801.333	0.01	801.333	0	801.333	0.01	801.333	0.01	801.333	0	
801.825	-0.06	801.825	0.01	801.825	0	801.825	0.01	801.825	0.01	801.825	0	
802.318	-0.06	802.318	0.01	802.318	0	802.318	0.01	802.318	0.01	802.318	0	
802.81	-0.06	802.81	0.01	802.81	0	802.81	0.01	802.81	0.01	802.81	0	
803.302	-0.06	803.302	0.01	803.302	0	803.302	0.01	803.302	0.01	803.302	0	
803.794	-0.06	803.794	0.01	803.794	0	803.794	0.01	803.794	0.01	803.794	0	
804.287	-0.06	804.287	0.01	804.287	0	804.287	0.01	804.287	0.01	804.287	0	
804.779	-0.06	804.779	0.01	804.779	0	804.779	0.01	804.779	0.01	804.779	0	
805.272	-0.06	805.272	0.01	805.272	0	805.272	0.01	805.272	0.01	805.272	0	
805.764	-0.06	805.764	0.01	805.764	0	805.764	0.01	805.764	0.01	805.764	0	
806.257	-0.06	806.257	0.01	806.257	0	806.257	0.01	806.257	0.01	806.257	0	
806.749	-0.06	806.749	0.01	806.749	0	806.749	0.01	806.749	0.01	806.749	0	
807.242	-0.06	807.242	0.01	807.242	0	807.242	0.01	807.242	0.01	807.242	0	
807.734	-0.06	807.734	0.01	807.734	0	807.734	0.01	807.734	0.01	807.734	0	
808.227	-0.06	808.227	0.01	808.227	0	808.227	0.01	808.227	0.01	808.227	0	
808.72	-0.06	808.72	0.01	808.72	0	808.72	0.01	808.72	0.01	808.72	0	
809.212	-0.06	809.212	0.01	809.212	0	809.212	0.01	809.212	0.01	809.212	0	
809.705	-0.06	809.705	0.01	809.705	0	809.705	0.01	809.705	0.01	809.705	0	
810.198	-0.06	810.198	0.01	810.198	0	810.198	0.01	810.198	0.01	810.198	0	
810.691	-0.06	810.691	0.01	810.691	0	810.691	0.01	810.691	0.01	810.691	0	
811.184	-0.06	811.184	0.01	811.184	0	811.184	0.01	811.184	0.01	811.184	0	
811.676	-0.06	811.676	0.01	811.676	0	811.676	0.01	811.676	0.01	811.676	0	
812.169	-0.06	812.169	0.01	812.169	0	812.169	0.01	812.169	0.01	812.169	0	
812.662	-0.06	812.662	0.01	812.662	0	812.662	0.01	812.662	0.01	812.662	0	
813.155	-0.06	813.155	0.01	813.155	0	813.155	0.01	813.155	0.01	813.155	0	
813.648	-0.06	813.648	0.01	813.648	0	813.648	0.01	813.648	0.01	813.648	0	
814.141	-0.06	814.141	0.01	814.141	0	814.141	0.01	814.141	0.01	814.141	0	
814.634	-0.06	814.634	0.01	814.634	0	814.634	0.01	814.634	0.01	814.634	0	
815.128	-0.06	815.128	0.01	815.128	0	815.128	0.01	815.128	0.01	815.128	0	
815.621	-0.06	815.621	0.01	815.621	0	815.621	0.01	815.621	0.01	815.621	0	
816.114	-0.06	816.114	0.01	816.114	0	816.114	0.01	816.114	0.01	816.114	0	
816.607	-0.06	816.607	0.01	816.607	0	816.607	0.01	816.607	0.01	816.607	0	
817.1	-0.06	817.1	0.01	817.1	0	817.1	0.01	817.1	0.01	817.1	0	
817.594	-0.06	817.594	0.01	817.594	0	817.594	0.01	817.594	0.01	817.594	0	
818.087	-0.06	818.087	0.01	818.087	0	818.087	0.01	818.087	0.01	818.087	0	
818.58	-0.06	818.58	0.01	818.58	0	818.58	0.01	818.58	0.01	818.58	0	
819.074	-0.06	819.074	0.01	819.074	0	819.074	0.01	819.074	0.01	819.074	0	
819.567	-0.06	819.567	0.01	819.567	0	819.567	0.01	819.567	0.01	819.567	0	
820.061	-0.06	820.061	0.01	820.061	0	820.061	0.01	820.061	0.01	820.061	0	
820.554	-0.06	820.554	0.01	820.554	0	820.554	0.01	820.554	0.01	820.554	0	
821.048	-0.06	821.048	0.01	821.048	0	821.048	0.01	821.048	0.01	821.048	0	
821.541	-0.06	821.541	0.01	821.541	0	821.541	0.01	821.541	0.01	821.541	0	
822.035	-0.06	822.035	0.01	822.035	0	822.035	0.01	822.035	0.01	822.035	0	
822.528	-0.06	822.528	0.01	822.528	0	822.528	0.01	822.528	0.01	822.528	0	
823.022	-0.06	823.022	0.01	823.022	0	823.022	0.01	823.022	0.01	823.022	0	
