336.256	7.4
336.714	7.13
337.171	6.99
337.628	6.97
338.086	6.95
338.543	6.85
339.001	6.58
339.458	6.42
339.916	6.64
340.373	6.67
340.831	6.96
341.289	7.03
341.746	7.3
342.204	7.57
342.662	7.85
343.12	8.01
343.578	8.44
344.035	8.62
344.493	8.95
344.951	9.17
345.409	9.77
345.867	10.35
346.325	10.94
346.784	11.37
347.242	11.57
347.7	11.73
348.158	11.99
348.616	11.86
349.075	11.98
349.533	12.1
349.992	11.9
350.45	11.73
350.908	11.45
351.367	11.26
351.825	11.1
352.284	11.12
352.743	11.25
353.201	11.24
353.66	11.55
354.119	12.08
354.577	12.45
355.036	12.88
355.495	13.33
355.954	13.71
356.413	14.3
356.872	14.62
357.331	15.15
357.79	15.56
358.249	16.34
358.708	17.25
359.167	18.2
359.626	19.46
360.085	21.65
360.545	25.67
361.004	35.73
361.463	91.75
361.923	250.89
362.382	447.65
362.842	609.73
363.301	681.65
363.76	715.05
364.22	732.75
364.68	736.93
365.139	737.03
365.599	734.14
366.059	724.97
366.518	669.38
366.978	510.77
367.438	314.25
367.898	152.55
368.358	80.57
368.818	46.81
369.278	28.19
369.737	22.86
370.198	20.68
370.658	19.25
371.118	18.13
371.578	17.23
372.038	16.45
372.498	15.87
372.959	14.94
373.419	14.2
373.879	13.69
374.339	13.37
374.8	13.04
375.26	12.94
375.721	12.81
376.181	12.65
376.642	12.7
377.102	12.85
377.563	12.84
378.024	12.91
378.484	13.01
378.945	13.07
379.406	13.22
379.867	13.2
380.328	13.25
380.789	13.57
381.249	14
381.71	14.54
382.171	14.99
382.632	15.76
383.094	16.99
383.555	18.78
384.016	21.05
384.477	23.6
384.938	26.63
385.399	29.06
385.861	30.62
386.322	31.15
386.783	31.13
387.245	31.76
387.706	32.79
388.168	33.44
388.629	32.59
389.091	30.52
389.553	28.16
390.014	25.5
390.476	23.26
390.938	21.86
391.399	21.25
391.861	21.18
392.323	20.59
392.785	19.22
393.247	18.01
393.709	17.72
394.17	18.11
394.633	18.56
395.095	19.17
395.557	19.97
396.019	21.16
396.481	22.72
396.943	24.63
397.405	26.85
397.868	29.8
398.33	32.76
398.792	35.15
399.255	36.65
399.717	37.86
400.179	39.37
400.642	44.05
401.104	83.28
401.567	220.22
402.03	386.49
402.492	516.81
402.955	546.94
403.418	549.59
403.88	551.53
404.343	567.69
404.806	610.78
405.269	655.78
405.732	680.78
406.195	645.9
406.658	509.05
407.121	341.7
407.584	209.8
408.047	177.74
408.51	172.75
408.973	168.54
409.436	150.46
409.899	105.56
410.363	58.43
410.826	27.95
411.289	22.4
411.753	20.92
412.216	20.05
412.68	19.69
413.143	19.43
413.607	19.29
414.07	19.28
414.534	19.64
414.997	20.15
415.461	20.51
415.925	21
416.388	21.79
416.852	23.31
417.316	24.93
417.78	26.05
418.244	26.64
418.708	27.16
419.172	27.66
419.636	27.53
420.1	26.94
420.564	26.27
421.028	25.41
421.492	24.28
421.956	22.5
422.421	20.52
422.885	18.77
423.349	17.55
423.813	16.68
424.278	16.16
424.742	16.03
425.207	16.25
425.671	16.38
426.136	16.82
426.6	17.16
427.065	17.48
427.529	18.28
427.994	19.15
428.459	19.72
428.924	20.23
429.388	21.25
429.853	23.38
430.318	27.21
430.783	36.31
431.248	53.02
431.713	84.91
432.178	176.06
432.643	538.2
433.108	1045.81
433.573	1493.45
434.038	1659.75
434.503	1685.8
434.968	1693.7
435.434	1695.28
435.899	1689.98
436.364	1675.81
436.83	1645.66
437.295	1555.49
437.761	1193.58
438.226	685.75
438.692	237.38
439.157	70.19
439.623	42.79
440.088	32.7
440.554	27.06
441.02	23.2
441.485	20.29
441.951	18.32
442.417	16.87
442.883	15.69
443.349	14.75
443.815	14.18
444.281	13.85
444.747	13.57
445.213	13.16
445.679	13.02
446.145	12.83
446.611	12.56
447.077	12.36
447.543	12.43
448.009	12.59
448.476	12.77
448.942	13.05
449.408	13.11
449.875	12.92
450.341	13.06
450.808	12.92
451.274	12.8
451.741	12.81
452.207	12.75
452.674	12.57
453.141	12.18
453.607	11.93
454.074	11.41
454.541	10.97
455.008	10.95
455.474	10.67
455.941	10.42
456.408	10.25
456.875	10.27
457.342	10.28
457.809	10.08
458.276	10.1
458.743	10.07
459.21	10.2
459.678	10.3
460.145	10.25
460.612	10.32
461.079	10.45
461.547	10.37
462.014	10.13
462.481	9.82
462.949	9.88
463.416	9.9
463.884	9.7
464.351	9.45
464.819	9.27
465.286	9.05
465.754	8.91
466.222	8.79
466.689	8.78
467.157	8.85
467.625	8.85
468.093	8.59
468.56	8.35
469.028	8.35
469.496	8.4
469.964	8.34
470.432	8.25
470.9	8.13
471.368	8.07
471.836	8.05
472.305	8
472.773	8.01
473.241	7.98
473.709	7.95
474.178	7.81
474.646	7.76
475.114	7.82
475.583	7.89
476.051	8.06
476.52	8.12
476.988	8.04
477.457	8.09
477.925	8.05
478.394	8.09
478.863	8.2
479.331	8.28
479.8	8.24
480.269	8.47
480.737	8.57
481.206	8.54
481.675	8.78
482.144	9.45
482.613	13.29
483.082	25.12
483.551	39.82
484.02	50.53
484.489	53.74
484.958	54.59
485.428	54.67
485.897	54.82
486.366	54.89
486.835	54.95
487.305	54.58
487.774	51.77
488.243	47.8
488.713	48.96
489.182	54.31
489.652	60.45
490.121	61.73
490.591	61.92
491.06	61.9
491.53	61.77
492	61.55
492.469	61.24
492.939	59.94
493.409	52.05
493.879	36.26
494.349	20.29
494.818	10.82
495.288	8.74
495.758	8.1
496.228	7.83
496.698	7.73
497.168	7.55
497.639	7.59
498.109	7.67
498.579	7.61
499.049	7.7
499.519	7.66
499.99	7.9
500.46	7.8
500.93	7.92
501.401	7.86
501.871	7.96
502.342	7.88
502.812	7.84
503.283	7.93
503.753	8.01
504.224	7.97
504.695	7.93
505.165	7.91
505.636	7.96
506.107	8.05
506.577	8.16
507.048	8.16
507.519	8.14
507.99	8.17
508.461	7.96
508.932	8.07
509.403	8.07
509.874	8.29
510.345	8.4
510.816	8.46
511.287	8.35
511.759	8.43
512.23	8.56
512.701	8.94
513.172	9.05
513.644	9.21
514.115	9.18
514.587	9.25
515.058	8.95
515.529	8.71
516.001	8.87
516.473	8.95
516.944	8.88
517.416	8.71
517.887	8.34
518.359	8.18
518.831	8.01
519.303	7.86
519.774	7.73
520.246	7.75
520.718	7.92
521.19	7.85
521.662	7.78
522.134	7.61
522.606	7.63
523.078	7.98
523.55	8.31
524.022	8.55
524.494	8.84
524.967	8.82
525.439	8.82
525.911	8.77
526.383	8.82
526.856	9.06
527.328	9.45
527.801	9.45
528.273	9.25
528.746	9.29
529.218	9.54
529.691	9.89
530.163	10.27
530.636	10.57
531.109	10.83
531.581	11.38
532.054	11.94
532.527	12.36
533	13.18
533.472	14.29
533.945	15.1
534.418	15.72
534.891	16.05
535.364	16.97
535.837	18.31
536.31	19.67
536.783	20.97
537.257	22.36
537.73	24.56
538.203	27.44
538.676	30.6
539.149	34.68
539.623	40.58
540.096	48.82
540.57	59.63
541.043	74.9
541.516	99.53
541.99	156.64
542.463	479.95
542.937	1433.93
543.411	2661.13
543.884	3649.55
544.358	4054.26
544.832	4159.61
545.305	4189.88
545.779	4199.05
546.253	4196.1
546.727	4179.48
547.201	4128.12
547.675	3808.72
548.149	2856.71
548.623	1629.65
549.097	640.11
549.571	232.82
550.045	122.54
550.519	84.87
550.993	65.02
551.467	52.35
551.942	43.9
552.416	37.25
552.89	32.07
553.365	28.05
553.839	24.98
554.313	22.35
554.788	20.23
555.262	18.81
555.737	17.58
556.211	16.55
556.686	15.52
557.161	14.45
557.635	13.65
558.11	13.05
558.585	12.28
559.06	11.46
559.534	11.03
560.009	10.53
560.484	10.2
560.959	9.97
561.434	9.63
561.909	9.35
562.384	9.19
562.859	9.02
563.334	8.76
563.809	8.72
564.285	9.26
564.76	9.95
565.235	10.39
565.71	10.76
566.186	10.65
566.661	10.83
567.136	11.01
567.612	11.05
568.087	11.05
568.563	11.15
569.038	11.6
569.514	11.45
569.99	11.15
570.465	11.65
570.941	12.45
571.417	14.14
571.892	16.54
572.368	20.38
572.844	30.95
573.32	86.33
573.796	233.65
574.272	425.75
574.748	584.57
575.224	686.87
575.7	845.63
576.176	1074.65
576.652	1296.81
577.128	1420.45
577.604	1462.59
578.08	1466.19
578.556	1416.85
579.033	1272.89
579.509	1082.39
579.985	924.81
580.462	823.2
580.938	664.3
581.415	434.57
581.891	211.05
582.368	85.16
582.844	39.42
583.321	25.51
583.798	19.6
584.274	16.41
584.751	14.74
585.228	13.03
585.704	11.7
586.181	10.97
586.658	10.46
587.135	10.04
587.612	9.44
588.089	8.95
588.566	8.45
589.043	8.18
589.52	7.62
589.997	7.01
590.474	6.89
590.951	6.94
591.429	6.68
591.906	6.37
592.383	5.86
592.86	5.88
593.338	5.71
593.815	5.55
594.292	5.21
594.77	5.2
595.247	5.15
595.725	5.13
596.202	5.14
596.68	5.45
597.158	5.62
597.635	5.75
598.113	5.79
598.591	5.89
599.069	5.85
599.546	6.15
600.024	6.46
600.502	6.85
600.98	7.24
601.458	7.33
601.936	7.11
602.414	6.94
602.892	7.03
603.37	7.09
603.848	7.55
604.326	8.32
604.805	8.84
605.283	8.91
605.761	8.65
606.239	8.11
606.718	7.68
607.196	7.48
607.674	7.42
608.153	7.36
608.631	7.56
609.11	7.95
609.588	8.8
610.067	9.15
610.546	9.09
611.024	9
611.503	9.12
611.982	9.28
612.46	9.32
612.939	9.12
613.418	8.98
613.897	8.56
614.376	7.57
614.855	5.96
615.334	4.84
615.813	4.25
616.292	4.02
616.771	3.76
617.25	3.45
617.729	3.35
618.208	3.43
618.688	3.51
619.167	3.4
619.646	3.48
620.125	4.15
620.605	5.09
621.084	6.21
621.564	7.27
622.043	8.54
622.523	10.13
623.002	11.65
623.482	12.96
623.961	14.13
624.441	14.95
624.921	15.14
625.4	14.6
625.88	13.41
626.36	12.43
626.84	11.39
627.319	10.23
627.799	8.88
628.279	7.5
628.759	6.34
629.239	5.2
629.719	4.29
630.199	3.81
630.679	3.58
631.16	3.83
631.64	3.75
632.12	3.89
632.6	3.98
633.08	4.09
633.561	4.06
634.041	4
634.521	3.87
635.002	4
635.482	4.24
635.963	4.52
636.443	4.45
636.924	4.5
637.404	4.46
637.885	4.61
638.366	4.83
638.846	5.17
639.327	5.37
639.808	5.81
640.289	6.05
640.77	6.15
641.25	6.14
641.731	6.32
642.212	6.33
642.693	6.47
643.174	6.46
643.655	6.35
644.136	6.11
644.617	6
645.099	5.93
645.58	5.94
646.061	5.93
646.542	6.05
647.024	6.16
647.505	6.45
647.986	6.53
648.468	6.8
648.949	6.94
649.43	7.38
649.912	7.82
650.394	8.4
650.875	9.35
651.357	10.78
651.838	14.1
652.32	31.95
652.802	89.15
653.283	174.48
653.765	257.12
654.247	308.45
654.729	334.08
655.211	342.94
655.693	345.55
656.175	346.05
656.657	345.62
657.139	342.76
657.621	325.26
658.103	268.4
658.585	183.35
659.067	100.67
659.549	49.12
660.031	23.07
660.514	13.9
660.996	10.62
661.478	9.15
661.961	8.09
662.443	7.75
662.926	7.44
663.408	7.28
663.891	7.85
664.373	9.75
664.856	12.71
665.338	15.36
665.821	17.11
666.304	18.09
666.786	18.75
667.269	19.33
667.752	19.7
668.235	20.64
668.718	21.83
669.2	22.1
669.683	20.72
670.166	18.19
670.649	15.68
671.132	13.91
671.615	13.13
672.099	12.81
672.582	12.85
673.065	12.46
673.548	11.49
674.031	9.86
674.515	8.6
674.998	7.86
675.481	7.43
675.965	7.41
676.448	7.24
676.931	6.91
677.415	6.4
677.898	5.78
678.382	5.33
678.866	5.14
679.349	5.31
679.833	5.42
680.317	5.37
680.8	5.28
681.284	5.16
681.768	5.38
682.252	5.5
682.736	5.69
683.219	5.71
683.703	6.3
684.187	7.15
684.671	7.64
685.155	8.01
685.639	8.37
686.124	9.05
686.608	10.5
687.092	14.89
687.576	22.38
688.06	30.16
688.545	35.49
689.029	38.14
689.513	38.95
689.998	39.3
690.482	39.79
690.967	40.74
691.451	41.74
691.936	43.41
692.42	54.25
692.905	100.38
693.389	177.75
693.874	259.19
694.359	314.16
694.843	344.74
695.328	357.92
695.813	362.45
696.298	363.5
696.783	363.29
697.268	361.16
697.753	346.43
698.238	293.37
698.723	208.91
699.208	122.69
699.693	65.54
700.178	34.25
700.663	21.27
701.148	16.71
701.633	15.65
702.119	16.56
702.604	25.94
703.089	60.16
703.574	112.23
704.06	163.54
704.545	197.72
705.031	217.71
705.516	226.6
706.002	229.48
706.487	230.6
706.973	230.43
707.459	228.85
707.944	218.89
708.43	184.36
708.916	132
709.401	80.27
709.887	46.01
710.373	26.19
710.859	19.83
711.345	22.52
711.831	28.44
712.317	33.16
712.803	35.81
713.289	37.19
713.775	37.55
714.261	37.65
714.747	37.52
715.233	37.18
715.719	36.36
716.206	33.1
716.692	26.67
717.178	19.02
717.665	13.4
718.151	10.35
718.637	8.65
719.124	8.08
719.61	7.82
720.097	7.95
720.583	8.15
721.07	8.28
721.557	8.45
722.043	8.94
722.53	9.69
723.017	12.45
723.504	23.2
723.99	41.39
724.477	61.85
724.964	77.03
725.451	91.35
725.938	115.61
726.425	151.03
726.912	191.06
727.399	225.74
727.886	252.07
728.373	268.74
728.86	271.14
729.347	261.98
729.835	247.56
730.322	236.45
730.809	224.55
731.296	201.99
731.784	167.52
732.271	128.45
732.759	94.57
733.246	69.28
733.734	53.99
734.221	59.8
734.709	111.11
735.196	193.42
735.684	277.45
736.171	332.85
736.659	364.39
737.147	378.2
737.635	383.05
738.122	384.33
738.61	384.03
739.098	380.99
739.586	362.86
740.074	303.55
740.562	216.05
741.05	128.95
741.538	71.78
742.026	39.3
742.514	25.48
743.002	20.75
743.49	19.71
743.979	20.22
744.467	21.66
744.955	24.23
745.443	29.24
745.932	48.34
746.42	137.2
746.909	318.83
747.397	579
747.885	858.69
748.374	1098.87
748.862	1273.24
749.351	1367.14
749.84	1413.6
750.328	1431.19
750.817	1434.51
751.306	1419.67
751.794	1333.12
752.283	1153.28
752.772	894.32
753.261	615.46
753.75	375.65
754.239	201.45
754.728	107.12
755.217	59.84
755.706	40.68
756.195	33.55
756.684	31.21
757.173	31.55
757.662	33.55
758.151	37.93
758.641	48.68
759.13	103.13
759.619	325.16
760.108	723.06
760.598	1178.34
761.087	1504.22
761.577	1697.75
762.066	1788.86
762.556	1822.62
763.045	1833.93
763.535	1835.85
764.024	1828.78
764.514	1776.86
765.004	1556.5
765.493	1160.02
765.983	705.64
766.473	380.26
766.963	187.32
767.452	97.35
767.942	73.24
768.432	111.42
768.922	206.78
769.412	326.78
769.902	420.78
770.392	476.05
770.882	503.49
771.372	513.59
771.862	516.65
772.353	516.78
772.843	514.69
773.333	503.25
773.823	450.9
774.314	349.05
774.804	224.77
775.294	127.74
775.785	69.9
776.275	39.74
776.766	27.23
777.256	22.03
777.747	19.45
778.237	17.85
778.728	16.36
779.219	14.91
779.709	13.25
780.2	12.09
780.691	11.17
781.182	10.39
781.672	10.23
782.163	10.06
782.654	9.76
783.145	9.59
783.636	9.48
784.127	9.33
784.618	9.43
785.109	9.35
785.6	9.48
786.091	9.78
786.583	10.33
787.074	10.66
787.565	11.29
788.056	11.93
788.548	12.71
789.039	13.99
789.53	15.67
790.022	19.62
790.513	39.93
791.005	100.86
791.496	192.67
791.988	285.75
792.479	347.29
792.971	383.58
793.462	400.78
793.954	407.55
794.446	410.31
794.937	411.66
795.429	410.7
795.921	395.89
796.413	354.52
796.905	313.01
797.397	317.28
797.889	390.45
798.381	492
798.873	579.35
799.365	632.05
799.857	659.62
800.349	670.61
800.841	673.77
801.333	671.94
801.825	654.75
802.318	606.54
802.81	510.87
803.302	377.98
803.794	241.85
804.287	139.84
804.779	85.65
805.272	65.66
805.764	72.94
806.257	120.81
806.749	220.95
807.242	400.11
807.734	687.41
808.227	1038.74
808.72	1350.65
809.212	1547.93
809.705	1656.7
810.198	1703.21
810.691	1713.71
811.184	1703.75
811.676	1657.12
812.169	1559.24
812.662	1382.16
813.155	1096.1
813.648	745.31
814.141	432.84
814.634	234.44
815.128	123.62
815.621	71.89
816.114	50.53
816.607	39.71
817.1	32.45
817.594	27.09
818.087	22.98
818.58	19.93
819.074	17.8
819.567	16.68
820.061	16.26
820.554	16.22
821.048	15.95
821.541	15.83
822.035	15.95
822.528	16.29
823.022	16.42
